1.957 -0.229 -1.723 129 120 90
2.013 -0.189 -1.729 129 121 90
1.986 -0.196 -1.723 139 130 98
1.992 -0.224 -1.722 123 114 84
1.928 -0.204 -1.723 112 103 75
1.881 -0.121 -1.732 109 100 76
1.654 -0.001 -1.730 131 105 81
1.769 0.014 -1.731 128 120 92
1.904 -0.084 -1.732 114 104 79
1.649 0.027 -1.732 144 111 87
1.814 -0.071 -1.728 135 127 98
1.764 0.042 -1.732 123 113 86
1.784 -0.071 -1.733 99 90 67
1.820 -0.099 -1.727 146 137 105
1.608 0.049 -1.734 150 133 103
1.730 0.072 -1.732 149 127 104
1.746 -0.046 -1.729 109 103 80
1.871 -0.031 -1.734 126 120 97
2.006 -0.129 -1.735 115 108 81
1.955 -0.197 -1.729 136 127 97
1.899 -0.056 -1.734 117 110 89
1.706 0.034 -1.732 150 131 104
1.841 -0.064 -1.733 128 121 92
1.984 -0.164 -1.729 124 115 84
1.667 0.092 -1.733 124 105 79
1.683 -0.026 -1.731 127 116 87
1.802 -0.006 -1.735 124 117 91
1.942 -0.109 -1.736 131 123 93
1.632 0.087 -1.734 128 114 85
1.661 0.120 -1.734 133 121 92
1.677 0.002 -1.732 122 106 80
1.796 0.022 -1.736 135 127 100
1.939 -0.078 -1.731 137 131 106
1.772 -0.016 -1.736 119 113 86
1.910 -0.111 -1.731 122 113 86
1.718 0.128 -1.734 123 90 72
1.739 0.014 -1.736 130 120 92
1.716 -0.056 -1.731 128 121 95
1.860 -0.156 -1.726 152 144 113
1.637 0.059 -1.733 160 139 111
1.762 0.075 -1.737 109 95 73
1.886 -0.149 -1.731 99 90 66
1.778 -0.044 -1.735 103 98 75
1.897 -0.024 -1.739 114 112 99
1.923 -0.176 -1.725 114 105 78
1.670 0.062 -1.738 155 126 101
1.807 -0.033 -1.733 117 110 84
1.944 -0.141 -1.731 129 120 89
1.695 0.067 -1.733 147 116 93
1.836 -0.036 -1.735 135 128 101
1.973 -0.131 -1.730 132 124 94
1.688 0.127 -1.740 130 112 87
1.709 0.004 -1.737 117 105 78
1.827 0.022 -1.731 131 125 102
1.847 -0.091 -1.732 132 124 94
1.911 -0.144 -1.726 116 107 80
1.733 0.042 -1.737 144 132 104
1.876 -0.058 -1.732 142 136 110
2.011 -0.157 -1.734 135 125 95
1.724 0.100 -1.733 92 59 45
1.744 -0.014 -1.735 134 127 98
1.859 0.002 -1.735 136 133 115
1.675 0.034 -1.737 144 114 91
1.888 -0.182 -1.726 94 84 61
1.793 0.052 -1.731 113 105 82
1.882 -0.086 -1.731 114 106 81
1.693 0.100 -1.738 114 85 65
1.715 -0.024 -1.736 132 123 94
1.832 -0.005 -1.730 122 115 89
1.967 -0.104 -1.731 143 139 114
1.848 -0.124 -1.727 150 142 111
1.949 -0.169 -1.730 134 125 95
2.305 0.104 -1.731 155 144 108
2.302 0.134 -1.725 131 120 86
2.270 0.121 -1.733 152 141 106
2.172 -0.010 -1.741 139 130 99
2.227 0.028 -1.736 138 128 96
2.230 -0.003 -1.741 131 121 89
2.125 -0.109 -1.739 129 119 87
2.221 0.055 -1.737 134 125 94
2.122 -0.078 -1.734 126 118 86
2.250 0.066 -1.736 152 142 108
2.154 -0.076 -1.739 141 132 99
2.063 -0.121 -1.735 126 117 87
2.332 0.135 -1.720 159 148 113
2.253 0.035 -1.741 132 122 89
2.197 -0.005 -1.736 125 115 84
2.104 -0.144 -1.733 143 133 101
2.245 0.093 -1.737 161 151 117
2.278 0.063 -1.737 165 155 119
2.148 -0.048 -1.741 138 129 97
2.174 -0.043 -1.735 142 132 100
2.275 0.094 -1.732 160 150 114
2.116 -0.051 -1.735 134 127 97
2.092 -0.088 -1.735 135 126 96
2.192 0.023 -1.737 126 117 88
2.098 -0.116 -1.734 129 120 89
2.042 -0.156 -1.729 137 129 98
2.134 0.015 -1.737 148 148 130
1.873 0.153 -1.737 235 245 244
1.889 0.035 -1.735 235 247 246
1.988 0.327 -1.730 143 130 106
2.114 0.344 -1.717 150 139 103
1.880 0.093 -1.731 233 246 248
1.978 0.236 -1.738 111 122 122
2.265 0.162 -1.732 142 132 98
1.772 0.198 -1.735 133 107 85
1.891 0.218 -1.739 155 150 137
1.787 0.080 -1.732 133 130 113
2.008 0.237 -1.733 122 132 131
1.907 0.100 -1.736 232 245 248
2.028 0.123 -1.734 226 240 239
1.928 -0.023 -1.734 134 141 135
2.143 0.139 -1.734 213 223 218
2.050 -0.000 -1.731 107 118 118
2.169 0.020 -1.735 142 136 108
1.960 0.353 -1.730 131 107 82
1.840 0.151 -1.732 212 216 206
1.856 0.032 -1.730 196 201 191
2.068 0.065 -1.733 232 246 247
1.962 -0.076 -1.732 191 196 181
2.187 0.086 -1.737 160 164 151
2.080 0.374 -1.717 170 157 121
2.089 -0.058 -1.730 147 143 116
2.006 0.053 -1.729 113 126 126
2.029 0.305 -1.727 145 142 119
1.903 0.345 -1.730 139 124 93
2.020 0.363 -1.724 144 121 93
1.822 0.085 -1.731 206 216 210
1.907 0.282 -1.730 131 98 77
1.805 0.145 -1.733 182 175 155
2.011 0.206 -1.738 109 120 120
1.928 0.350 -1.725 139 120 91
2.110 0.191 -1.735 211 219 210
2.045 0.369 -1.718 160 143 110
1.930 0.161 -1.738 196 212 211
2.117 0.313 -1.722 151 141 106
2.152 0.103 -1.739 217 227 223
2.155 0.265 -1.725 153 143 110
2.296 0.162 -1.727 138 127 95
2.186 0.265 -1.720 144 134 100
2.052 0.184 -1.735 131 143 141
1.946 0.042 -1.735 146 162 163
1.777 0.171 -1.733 125 90 72
1.876 0.304 -1.736 147 131 100
2.255 0.218 -1.718 162 151 116
2.053 -0.031 -1.737 141 151 143
1.912 0.072 -1.735 233 246 249
1.742 0.165 -1.735 119 80 63
2.058 0.338 -1.728 146 134 101
1.800 0.173 -1.735 136 110 88
1.901 0.310 -1.731 141 115 89
2.126 0.255 -1.726 124 114 83
1.921 0.196 -1.732 128 143 143
1.825 0.055 -1.736 160 162 149
2.046 0.211 -1.737 111 122 120
1.943 0.073 -1.730 224 239 240
2.189 0.235 -1.725 138 127 94
2.062 0.093 -1.734 232 246 248
2.036 -0.129 -1.730 124 116 87
1.960 -0.043 -1.738 175 185 178
2.078 -0.025 -1.731 126 128 113
2.181 0.113 -1.738 197 202 192
2.027 0.088 -1.735 226 241 241
1.888 0.249 -1.734 137 112 91
1.782 0.108 -1.733 184 176 156
2.003 0.264 -1.734 199 209 205
1.903 0.131 -1.731 232 245 248
1.917 0.009 -1.735 130 143 142
2.023 0.151 -1.735 148 161 160
2.138 0.166 -1.735 173 178 167
2.044 0.028 -1.733 123 136 135
2.163 0.048 -1.737 150 153 138
2.060 -0.091 -1.730 139 133 106
2.170 0.202 -1.729 155 146 116
1.966 0.325 -1.729 134 115 92
2.083 0.343 -1.722 144 133 98
2.230 0.213 -1.723 157 145 111
1.847 0.271 -1.736 151 133 104
2.224 0.240 -1.724 163 152 116
2.125 0.073 -1.733 234 246 245
1.861 0.186 -1.739 211 213 202
2.129 0.224 -1.732 140 133 103
1.934 -0.051 -1.732 166 168 152
2.158 0.075 -1.738 208 217 211
2.054 -0.063 -1.731 148 151 131
1.979 0.204 -1.733 108 120 121
1.892 0.186 -1.734 215 225 221
1.754 0.110 -1.732 114 87 70
1.874 0.120 -1.732 234 246 247
1.972 0.264 -1.739 190 200 196
1.993 0.141 -1.736 112 126 128
1.894 0.007 -1.734 182 189 183
2.026 -0.061 -1.730 191 200 187
2.009 0.022 -1.734 108 121 122
2.115 0.164 -1.734 234 245 244
2.128 0.043 -1.738 210 220 214
2.057 0.303 -1.729 142 134 103
1.957 0.383 -1.725 146 130 100
1.829 0.206 -1.735 149 118 97
1.948 0.226 -1.739 113 124 123
1.845 0.088 -1.732 230 241 241
2.066 0.244 -1.733 146 149 133
1.964 0.108 -1.736 223 238 238
2.075 0.401 -1.719 169 151 116
2.092 0.285 -1.726 128 120 89
2.086 0.131 -1.734 232 245 247
2.233 0.182 -1.728 150 139 105
1.985 -0.015 -1.734 109 121 121
1.717 0.160 -1.740 134 109 85
1.835 0.178 -1.733 167 154 134
1.954 0.198 -1.738 105 118 119
1.850 0.060 -1.731 230 239 236
1.970 0.080 -1.735 170 185 186
2.071 0.217 -1.731 127 133 127
2.107 0.008 -1.731 189 196 188
2.201 0.146 -1.734 152 143 114
2.101 0.250 -1.732 129 123 97
2.089 0.100 -1.739 233 245 248
1.999 0.113 -1.735 186 201 202
2.195 0.207 -1.724 127 116 84
2.015 -0.005 -1.733 109 121 121
2.118 0.133 -1.739 234 246 246
2.236 0.151 -1.733 159 150 115
1.885 0.065 -1.730 233 246 248
2.008 0.452 -1.714 165 150 116
1.976 0.416 -1.721 146 130 98
2.023 0.333 -1.729 143 131 102
1.991 -0.043 -1.732 148 158 155
2.212 0.114 -1.733 145 139 115
2.110 -0.023 -1.737 141 137 113
1.982 0.389 -1.720 129 105 78
2.164 0.230 -1.730 158 149 115
2.123 0.285 -1.721 128 118 87
2.258 0.187 -1.723 139 128 95
1.828 0.238 -1.740 148 124 98
1.945 0.257 -1.734 177 181 170
1.846 0.123 -1.731 227 237 237
1.961 0.138 -1.731 175 190 190
2.063 0.275 -1.728 134 131 106
2.080 0.159 -1.735 233 245 246
1.987 0.020 -1.732 109 122 122
2.198 0.177 -1.729 143 132 101
2.002 -0.098 -1.730 171 172 154
2.102 0.035 -1.733 236 247 247
1.960 0.171 -1.736 114 129 130
2.075 0.186 -1.737 192 204 201
1.975 0.053 -1.734 110 124 125
2.100 0.068 -1.738 233 246 248
1.997 -0.071 -1.731 216 225 216
2.215 0.083 -1.738 137 130 104
1.853 0.244 -1.735 134 106 83
2.035 -0.096 -1.735 129 128 106
1.910 0.251 -1.735 153 142 123
1.811 0.118 -1.732 213 219 212
2.032 0.275 -1.733 176 182 169
1.936 0.133 -1.736 232 246 246
2.051 0.148 -1.737 212 225 224
1.952 0.015 -1.734 109 122 123
1.798 0.206 -1.740 130 98 78
1.916 0.224 -1.734 126 132 126
2.173 0.171 -1.734 116 108 86
1.939 0.284 -1.735 141 122 102
2.071 0.035 -1.738 207 221 220
1.990 0.171 -1.731 108 121 121
2.186 0.050 -1.738 118 112 88
2.036 0.427 -1.715 143 112 84
1.942 0.105 -1.735 233 246 249
2.038 0.247 -1.731 146 157 152
2.056 0.121 -1.735 233 246 248
1.957 -0.013 -1.732 110 122 120
2.176 0.141 -1.739 153 152 135
2.072 0.002 -1.733 143 153 150
1.985 0.358 -1.725 133 106 81
2.086 0.313 -1.728 132 122 89
2.106 0.222 -1.730 144 143 124
2.005 0.085 -1.734 164 179 180
1.748 0.138 -1.733 112 72 57
1.858 0.216 -1.734 152 131 112
2.021 -0.033 -1.731 141 151 147
2.124 0.106 -1.738 234 246 247
2.241 0.124 -1.732 160 150 117
2.140 -0.013 -1.735 153 146 116
1.780 0.140 -1.739 149 124 102
1.882 0.277 -1.735 143 118 92
1.898 0.158 -1.732 234 247 248
2.000 0.295 -1.729 197 201 187
2.017 0.178 -1.736 109 122 121
2.011 0.421 -1.720 148 124 94
1.918 0.045 -1.734 211 226 226
2.038 0.055 -1.734 184 199 197
2.135 0.197 -1.730 154 153 130
2.017 0.394 -1.718 138 105 79
2.152 0.296 -1.720 137 128 95
2.040 0.396 -1.720 166 137 108
1.931 0.320 -1.730 131 103 80
1.969 0.294 -1.734 179 177 161
