-8.046 0.061 -1.851 231 245 246
-8.008 -0.053 -1.855 108 126 132
-8.157 0.025 -1.842 128 135 133
-8.164 0.146 -1.843 144 135 110
-8.140 0.059 -1.849 238 247 248
-7.987 -0.021 -1.855 88 101 104
-8.104 -0.054 -1.842 183 196 196
-8.119 -0.089 -1.846 210 222 220
-8.090 -0.207 -1.847 161 162 148
-8.237 -0.130 -1.844 141 132 108
-8.104 0.135 -1.851 216 229 231
-8.067 0.021 -1.845 224 239 239
-8.029 -0.093 -1.849 233 248 249
-8.182 -0.013 -1.842 89 100 103
-8.143 -0.127 -1.846 229 238 235
-8.291 -0.050 -1.844 164 146 129
-8.252 -0.165 -1.848 133 124 95
-8.105 -0.242 -1.851 120 112 88
-7.902 0.013 -1.870 196 208 205
-7.921 0.071 -1.876 150 148 126
-7.980 -0.142 -1.854 171 176 167
-8.065 -0.169 -1.847 230 240 239
-8.218 -0.088 -1.840 166 178 174
-8.179 -0.203 -1.844 148 139 111
-8.162 0.118 -1.845 199 203 192
-8.135 0.128 -1.846 220 232 230
-8.094 0.011 -1.844 234 245 244
-8.055 -0.103 -1.848 235 247 249
-8.208 -0.023 -1.841 93 105 111
-7.981 -0.043 -1.857 89 101 105
-8.131 0.035 -1.844 223 232 230
-8.123 0.004 -1.849 156 164 160
-7.971 -0.077 -1.855 100 113 116
-8.082 -0.113 -1.846 236 247 248
-7.887 0.076 -1.891 131 122 93
-8.170 -0.137 -1.845 160 153 146
-8.131 -0.252 -1.849 125 117 91
-8.013 0.166 -1.869 127 120 93
-7.976 0.052 -1.863 97 103 103
-7.940 -0.061 -1.857 130 142 138
-8.017 -0.218 -1.852 124 120 102
-8.249 -0.005 -1.841 195 204 201
-8.092 -0.079 -1.848 236 248 248
-8.025 0.102 -1.858 228 241 241
-8.056 0.185 -1.859 130 125 101
-8.014 0.068 -1.856 192 208 208
-7.868 -0.009 -1.876 128 125 106
-7.943 -0.158 -1.861 133 117 92
-7.877 0.015 -1.881 153 153 136
-8.121 0.101 -1.845 236 247 248
-8.082 -0.014 -1.849 189 202 202
-8.044 -0.129 -1.853 235 247 248
-8.234 -0.033 -1.840 184 199 202
-8.056 -0.291 -1.856 122 109 84
-8.196 -0.147 -1.844 131 117 98
-8.008 0.135 -1.864 136 133 112
-7.971 0.022 -1.858 90 98 100
-7.933 -0.092 -1.862 108 107 93
-8.005 -0.243 -1.857 125 111 87
-8.063 0.117 -1.851 230 243 244
-8.024 0.002 -1.855 90 104 108
-8.174 0.081 -1.842 221 225 217
-8.141 -0.030 -1.842 91 101 103
-7.991 -0.109 -1.856 225 241 241
-8.106 -0.151 -1.847 239 248 247
-8.254 -0.074 -1.844 190 198 189
-8.215 -0.189 -1.848 159 151 121
-8.071 -0.264 -1.857 138 125 101
-7.949 -0.136 -1.859 121 115 99
-7.950 0.062 -1.864 160 165 156
-7.908 -0.054 -1.862 131 138 129
-7.990 -0.208 -1.853 125 115 92
-8.041 0.157 -1.858 143 143 126
-8.000 0.040 -1.855 100 114 116
-7.857 -0.034 -1.881 118 109 83
-8.094 0.111 -1.846 235 247 248
-8.056 -0.004 -1.850 141 158 161
-8.203 0.073 -1.847 140 136 123
-8.171 -0.046 -1.841 89 101 104
-8.017 -0.119 -1.854 235 247 248
-8.133 -0.161 -1.845 218 219 211
-8.289 -0.078 -1.845 135 128 105
-8.097 -0.274 -1.856 126 116 90
-7.931 0.095 -1.881 138 131 103
-7.891 -0.021 -1.868 157 167 162
-7.969 -0.168 -1.860 123 112 93
-7.979 0.144 -1.876 130 122 94
-7.939 0.029 -1.863 156 164 164
-7.901 -0.086 -1.867 117 110 88
-7.998 0.012 -1.857 88 100 103
-8.147 0.091 -1.843 238 247 246
-8.109 -0.024 -1.848 109 117 117
-8.076 -0.135 -1.848 236 247 248
-8.227 -0.064 -1.845 171 187 189
-8.189 -0.179 -1.849 166 153 127
-7.885 -0.042 -1.870 104 101 84
-8.046 -0.226 -1.857 160 157 145
-8.030 -0.281 -1.857 123 102 79
-7.848 0.032 -1.899 150 140 108
-7.911 0.037 -1.875 169 175 165
-8.077 0.144 -1.852 206 218 218
-8.035 0.028 -1.850 171 188 189
-8.188 0.108 -1.843 149 145 125
-8.150 -0.006 -1.847 91 100 101
-7.833 0.005 -1.898 147 137 104
-8.198 -0.056 -1.840 87 99 104
-8.159 -0.171 -1.844 140 121 106
-8.315 -0.088 -1.844 126 116 89
-7.878 -0.074 -1.875 124 114 88
-8.114 -0.120 -1.841 237 247 248
-7.823 0.035 -1.911 151 141 107
-7.997 -0.087 -1.854 180 199 202
-8.034 0.126 -1.863 196 205 199
-7.846 -0.068 -1.880 129 120 91
-7.959 -0.102 -1.861 138 145 142
-8.036 -0.259 -1.856 129 111 90
-8.264 -0.040 -1.845 215 221 215
-8.226 -0.155 -1.849 144 134 106
-8.078 -0.232 -1.852 130 122 103
-7.809 0.007 -1.910 155 144 110
-8.079 0.173 -1.851 170 174 164
-7.828 -0.025 -1.893 137 127 96
-7.996 0.110 -1.869 168 172 161
-7.957 -0.005 -1.857 91 99 101
-7.918 -0.120 -1.861 127 116 92
-8.111 0.166 -1.846 208 217 211
-8.072 0.052 -1.850 235 248 249
-8.034 -0.063 -1.854 209 226 228
-8.187 0.018 -1.847 86 96 97
-8.155 -0.102 -1.841 144 155 155
-8.116 -0.217 -1.845 105 98 77
-8.267 -0.137 -1.849 138 130 102
-8.114 0.069 -1.850 236 247 249
-8.072 -0.048 -1.848 222 237 237
-8.225 0.033 -1.841 154 159 152
-7.991 0.080 -1.864 134 140 136
-7.949 -0.037 -1.862 107 117 117
-8.137 0.156 -1.845 171 172 156
-8.104 0.045 -1.845 237 247 249
-8.217 0.001 -1.846 120 134 136
-8.066 -0.069 -1.849 235 248 250
-8.181 -0.112 -1.840 114 121 120
-8.146 -0.224 -1.851 117 110 85
-8.293 -0.147 -1.848 124 115 87
-8.027 -0.184 -1.853 193 203 197
-7.970 0.120 -1.871 128 122 96
-7.928 0.003 -1.868 169 181 181
-7.895 -0.108 -1.868 133 122 95
-8.039 -0.159 -1.848 231 243 243
-8.186 -0.082 -1.845 95 106 109
-8.153 -0.193 -1.845 127 116 93
-8.300 -0.116 -1.843 131 122 94
-7.878 0.052 -1.886 134 127 101
-8.090 0.206 -1.852 125 119 97
-8.055 0.085 -1.856 235 247 249
-8.019 -0.028 -1.850 86 101 106
-8.172 0.053 -1.843 202 209 205
-8.130 -0.064 -1.841 116 126 127
-8.121 0.200 -1.847 143 139 117
-8.087 0.079 -1.851 235 247 249
-8.045 -0.038 -1.849 136 154 158
-8.198 0.043 -1.842 115 120 117
-8.007 -0.152 -1.853 223 235 233
-8.160 -0.072 -1.846 92 102 104
-8.274 -0.106 -1.844 136 128 102
-8.127 -0.183 -1.847 144 139 123
-7.959 0.086 -1.869 145 142 124
-7.923 -0.027 -1.863 179 194 193
-7.996 -0.178 -1.858 146 147 133
-8.248 -0.096 -1.845 147 144 127
-8.092 -0.179 -1.845 219 226 218
-8.211 -0.120 -1.845 139 137 124
-8.054 -0.194 -1.852 213 223 218
-7.857 0.056 -1.904 134 125 94
-8.215 0.098 -1.842 134 125 100
-8.244 0.091 -1.847 142 133 106
-8.127 0.222 -1.846 141 132 104
-8.178 0.174 -1.845 133 121 93
-8.266 0.050 -1.841 146 131 111
-8.342 -0.098 -1.842 120 110 83
-8.254 0.025 -1.846 165 155 144
-8.321 -0.066 -1.842 126 110 85
-8.159 0.215 -1.841 130 118 90
-8.239 0.060 -1.842 129 123 105
-8.276 -0.015 -1.840 188 175 164
-8.199 0.142 -1.845 149 137 108
-8.305 -0.023 -1.845 149 114 97
-8.148 0.190 -1.846 126 116 90
-8.281 0.015 -1.845 153 123 108
-7.998 -0.275 -1.862 128 106 82
-7.979 -0.233 -1.858 134 122 95
-8.019 -0.306 -1.862 137 118 92
-7.959 -0.202 -1.858 141 127 100
