-6.07250977 0.04272500 -1.83862305 0.039551
-6.07348585 0.04467800 -1.83911097 0.054932
-6.07934618 0.04467800 -1.83911097 0.055909
-6.07202101 0.04663100 -1.83911097 0.044923
-6.07934618 0.04663100 -1.83911097 0.052247
-6.07104492 0.04809600 -1.83862305 0.043458
-6.07983398 0.04858400 -1.83911097 0.042237
-6.08618212 0.04858400 -1.83911097 0.042481
-6.06713915 0.05004900 -1.83959997 0.043458
-6.07299805 0.05004900 -1.83911097 0.052247
-6.07934618 0.05053700 -1.83911097 0.040772
-6.08520508 0.05053700 -1.83862305 0.038087
-6.06616211 0.05200200 -1.83911097 0.037110
-6.07348585 0.05200200 -1.83911097 0.040040
-6.07934618 0.05200200 -1.83911097 0.038331
-6.08618212 0.05200200 -1.83911097 0.052735
-6.09155321 0.05249000 -1.83862305 0.041749
-6.06664991 0.05395500 -1.83959997 0.038819
-6.07299805 0.05395500 -1.83911097 0.040040
-6.07934618 0.05395500 -1.83911097 0.041749
-6.08666992 0.05444300 -1.83911097 0.046143
-6.09204102 0.05444300 -1.83862305 0.041260
-6.06713915 0.05590800 -1.83959997 0.046632
-6.07299805 0.05590800 -1.83911097 0.054200
-6.07983398 0.05590800 -1.83911097 0.049317
-6.08569288 0.05590800 -1.83911097 0.049805
-6.09252882 0.05590800 -1.83911097 0.052491
-6.06030321 0.05786100 -1.83959997 0.038819
-6.06762695 0.05786100 -1.83959997 0.041260
-6.07299805 0.05786100 -1.83911097 0.039063
-6.07934618 0.05786100 -1.83911097 0.037598
-6.08666992 0.05786100 -1.83911097 0.039307
-6.09252882 0.05786100 -1.83911097 0.049805
-6.09887695 0.05786100 -1.83862305 0.040528
-6.06030321 0.05981400 -1.83959997 0.041749
-6.06713915 0.05981400 -1.83959997 0.041993
-6.07299805 0.05981400 -1.83911097 0.041016
-6.08032179 0.05981400 -1.83959997 0.044678
-6.08569288 0.05981400 -1.83911097 0.043458
-6.09252882 0.05981400 -1.83911097 0.034424
-6.09936523 0.05981400 -1.83911097 0.038087
-6.06030321 0.06127900 -1.83959997 0.041505
-6.06664991 0.06176800 -1.83959997 0.036866
-6.07348585 0.06176800 -1.83959997 0.038087
-6.07983398 0.06176800 -1.83911097 0.040040
-6.08569288 0.06176800 -1.83911097 0.035157
-6.09252882 0.06176800 -1.83911097 0.034913
-6.09985399 0.06176800 -1.83911097 0.038575
-6.10571289 0.06176800 -1.83862305 0.046876
-6.05981398 0.06323200 -1.83959997 0.054200
-6.06713915 0.06372100 -1.83959997 0.040528
-6.07348585 0.06372100 -1.83911097 0.039063
-6.07983398 0.06372100 -1.83911097 0.039063
-6.08569288 0.06372100 -1.83911097 0.036622
-6.09301805 0.06372100 -1.83911097 0.040040
-6.09936523 0.06372100 -1.83911097 0.043946
-6.10571289 0.06372100 -1.83862305 0.057862
-6.05395508 0.06518600 -1.83959997 0.055665
-6.05981398 0.06518600 -1.83959997 0.044434
-6.06713915 0.06518600 -1.83959997 0.034668
-6.07299805 0.06567400 -1.83911097 0.030518
-6.07934618 0.06567400 -1.83911097 0.037110
-6.08666992 0.06567400 -1.83911097 0.035157
-6.09204102 0.06567400 -1.83862305 0.042237
-6.09936523 0.06567400 -1.83911097 0.044923
-6.10620117 0.06567400 -1.83911097 0.044434
-6.05395508 0.06713900 -1.83959997 0.038575
-6.06079102 0.06713900 -1.83959997 0.037598
-6.06713915 0.06762700 -1.83959997 0.034668
-6.07299805 0.06762700 -1.83911097 0.039063
-6.07934618 0.06762700 -1.83911097 0.032959
-6.08618212 0.06762700 -1.83911097 0.043458
-6.09252882 0.06762700 -1.83911097 0.043702
-6.09887695 0.06762700 -1.83862305 0.038575
-6.10668898 0.06811500 -1.83911097 0.035645
-6.11352491 0.06811500 -1.83911097 0.038575
-6.05346680 0.06909200 -1.83959997 0.037110
-6.06079102 0.06909200 -1.83959997 0.034913
-6.06664991 0.06909200 -1.83959997 0.040284
-6.07299805 0.06909200 -1.83911097 0.043702
-6.07983398 0.06958000 -1.83911097 0.039307
-6.08715820 0.06958000 -1.83911097 0.049073
-6.09301805 0.06958000 -1.83911097 0.047364
-6.09887695 0.06958000 -1.83862305 0.043458
-6.10620117 0.06958000 -1.83862305 0.034424
-6.11254883 0.06958000 -1.83862305 0.034668
-6.05297899 0.07104500 -1.83959997 0.039307
-6.06079102 0.07104500 -1.83959997 0.038819
-6.06713915 0.07104500 -1.83959997 0.044190
-6.07348585 0.07153300 -1.83959997 0.043702
-6.08081102 0.07153300 -1.83959997 0.045411
-6.08618212 0.07153300 -1.83911097 0.043702
-6.09301805 0.07153300 -1.83911097 0.044923
-6.09887695 0.07153300 -1.83862305 0.049805
-6.10571289 0.07153300 -1.83862305 0.033448
-6.11254883 0.07153300 -1.83862305 0.033204
-6.11938477 0.07202100 -1.83862305 0.041016
-6.04711914 0.07299800 -1.83959997 0.041749
-6.05395508 0.07299800 -1.83959997 0.033692
-6.06079102 0.07299800 -1.83959997 0.042237
-6.06664991 0.07299800 -1.83959997 0.041016
-6.07348585 0.07299800 -1.83911097 0.038575
-6.07934618 0.07299800 -1.83911097 0.043458
-6.08618212 0.07348600 -1.83911097 0.038087
-6.09301805 0.07348600 -1.83911097 0.037110
-6.09985399 0.07348600 -1.83911097 0.042237
-6.10522509 0.07348600 -1.83862305 0.038331
-6.11303711 0.07348600 -1.83862305 0.038575
-6.11987305 0.07348600 -1.83911097 0.041993
-6.04663086 0.07446300 -1.83959997 0.040772
-6.05444288 0.07446300 -1.83959997 0.041260
-6.05981398 0.07446300 -1.83911097 0.043214
-6.06616211 0.07446300 -1.83911097 0.039551
-6.07348585 0.07495100 -1.83911097 0.039307
-6.07885695 0.07495100 -1.83911097 0.040772
-6.08618212 0.07495100 -1.83911097 0.033448
-6.09350586 0.07495100 -1.83911097 0.038819
-6.09936523 0.07495100 -1.83862305 0.046387
-6.10620117 0.07495100 -1.83862305 0.041749
-6.11303711 0.07543900 -1.83862305 0.041749
-6.11840820 0.07543900 -1.83813500 0.053223
-6.12524414 0.07543900 -1.83813500 0.058106
-6.04711914 0.07641600 -1.83959997 0.041749
-6.05297899 0.07641600 -1.83911097 0.042725
-6.06030321 0.07690400 -1.83959997 0.040528
-6.06664991 0.07690400 -1.83959997 0.045655
-6.07397509 0.07690400 -1.83959997 0.044434
-6.07983398 0.07690400 -1.83911097 0.041260
-6.08618212 0.07690400 -1.83911097 0.030274
-6.09350586 0.07739300 -1.83911097 0.036133
-6.09936523 0.07739300 -1.83911097 0.047364
-6.10522509 0.07739300 -1.83862305 0.045899
-6.11303711 0.07739300 -1.83862305 0.039063
-6.11938477 0.07739300 -1.83862305 0.051270
-6.12573195 0.07739300 -1.83862305 0.071550
-6.04809618 0.07836900 -1.84008801 0.038331
-6.05346680 0.07836900 -1.83959997 0.036866
-6.06030321 0.07836900 -1.83959997 0.037110
-6.06762695 0.07836900 -1.83959997 0.037842
-6.07348585 0.07885700 -1.83959997 0.036622
-6.07983398 0.07885700 -1.83911097 0.037598
-6.08666992 0.07885700 -1.83911097 0.034424
-6.09301805 0.07885700 -1.83911097 0.030518
-6.09936523 0.07885700 -1.83911097 0.033692
-6.10522509 0.07885700 -1.83862305 0.042725
-6.11303711 0.07934600 -1.83862305 0.040528
-6.11987305 0.07934600 -1.83862305 0.047120
-6.12573195 0.07934600 -1.83862305 0.094255
-6.13159180 0.07934600 -1.83813500 0.124529
-6.04125977 0.08032200 -1.84008801 0.040284
-6.04760695 0.08032200 -1.83959997 0.036866
-6.05395508 0.08032200 -1.83959997 0.042481
-6.06030321 0.08032200 -1.83959997 0.035645
-6.06616211 0.08032200 -1.83911097 0.037842
-6.07250977 0.08081100 -1.83911097 0.045411
-6.07934618 0.08081100 -1.83911097 0.043458
-6.08618212 0.08081100 -1.83911097 0.033692
-6.09204102 0.08081100 -1.83862305 0.034668
-6.09985399 0.08081100 -1.83911097 0.035645
-6.10620117 0.08129900 -1.83862305 0.039063
-6.11352491 0.08129900 -1.83911097 0.045899
-6.11840820 0.08129900 -1.83862305 0.056641
-6.12573195 0.08129900 -1.83862305 0.119402
-6.13159180 0.08129900 -1.83813500 0.143099
-6.04125977 0.08178700 -1.84008801 0.038575
-6.04760695 0.08178700 -1.83959997 0.031983
-6.05297899 0.08227500 -1.83959997 0.037110
-6.05981398 0.08227500 -1.83959997 0.039063
-6.06664991 0.08227500 -1.83959997 0.038087
-6.07299805 0.08227500 -1.83911097 0.045167
-6.07934618 0.08227500 -1.83911097 0.045411
-6.08569288 0.08227500 -1.83911097 0.041016
-6.09350586 0.08276400 -1.83911097 0.038087
-6.10034180 0.08276400 -1.83911097 0.042481
-6.10620117 0.08276400 -1.83862305 0.051270
-6.11254883 0.08276400 -1.83862305 0.053712
-6.11938477 0.08276400 -1.83862305 0.054444
-6.12622118 0.08325200 -1.83862305 0.126482
-6.13110399 0.08325200 -1.83813500 0.148226
-6.04077101 0.08374000 -1.83959997 0.037354
-6.04760695 0.08422900 -1.83959997 0.035645
-6.05346680 0.08422900 -1.83959997 0.030518
-6.06030321 0.08422900 -1.83959997 0.035645
-6.06713915 0.08422900 -1.83959997 0.039063
-6.07446289 0.08422900 -1.83959997 0.054688
-6.07983398 0.08471700 -1.83911097 0.043702
-6.08666992 0.08471700 -1.83911097 0.033448
-6.09301805 0.08471700 -1.83911097 0.041260
-6.09985399 0.08471700 -1.83911097 0.038087
-6.10571289 0.08471700 -1.83862305 0.039063
-6.11254883 0.08520500 -1.83862305 0.035645
-6.11987305 0.08520500 -1.83911097 0.057618
-6.12573195 0.08520500 -1.83862305 0.136507
-6.13159180 0.08520500 -1.83813500 0.178256
-6.13793898 0.08520500 -1.83813500 0.148470
-6.04028320 0.08569300 -1.83959997 0.043946
-6.04711914 0.08569300 -1.83959997 0.036133
-6.05395508 0.08618200 -1.83959997 0.034913
-6.05981398 0.08618200 -1.83959997 0.037354
-6.06616211 0.08618200 -1.83959997 0.050782
-6.07348585 0.08618200 -1.83959997 0.078630
-6.07934618 0.08618200 -1.83911097 0.047852
-6.08715820 0.08667000 -1.83959997 0.036622
-6.09252882 0.08667000 -1.83911097 0.044923
-6.09887695 0.08667000 -1.83862305 0.033692
-6.10620117 0.08667000 -1.83911097 0.031983
-6.11254883 0.08667000 -1.83862305 0.037110
-6.11938477 0.08715800 -1.83862305 0.063478
-6.12573195 0.08715800 -1.83862305 0.148470
-6.13208008 0.08715800 -1.83862305 0.178500
-6.13891602 0.08715800 -1.83813500 0.164584
-6.03442383 0.08764600 -1.84008801 0.043702
-6.04028320 0.08813500 -1.83959997 0.035157
-6.04760695 0.08813500 -1.84008801 0.039551
-6.05346680 0.08813500 -1.83959997 0.047608
-6.05981398 0.08813500 -1.83959997 0.040040
-6.06713915 0.08813500 -1.83959997 0.045655
-6.07299805 0.08862300 -1.83911097 0.045167
-6.07934618 0.08862300 -1.83911097 0.035157
-6.08666992 0.08862300 -1.83959997 0.031250
-6.09350586 0.08862300 -1.83911097 0.037110
-6.09936523 0.08862300 -1.83911097 0.036866
-6.10668898 0.08911100 -1.83911097 0.041749
-6.11206102 0.08911100 -1.83862305 0.042969
-6.11987305 0.08911100 -1.83911097 0.081559
-6.12524414 0.08911100 -1.83862305 0.122576
-6.13305712 0.08911100 -1.83862305 0.152621
-6.13891602 0.08960000 -1.83813500 0.164584
-6.14575195 0.08960000 -1.83813500 0.169711
-6.03491211 0.08911100 -1.84008801 0.040040
-6.04028320 0.08960000 -1.83959997 0.040528
-6.04711914 0.08960000 -1.83959997 0.039063
-6.05346680 0.08960000 -1.83959997 0.043458
-6.06079102 0.08960000 -1.83959997 0.037354
-6.06762695 0.08960000 -1.83959997 0.041260
-6.07299805 0.09008800 -1.83959997 0.041016
-6.07983398 0.09008800 -1.83911097 0.030030
-6.08666992 0.09008800 -1.83911097 0.032715
-6.09350586 0.09008800 -1.83959997 0.036133
-6.09985399 0.09008800 -1.83911097 0.043458
-6.10620117 0.09057600 -1.83911097 0.048585
-6.11157179 0.09057600 -1.83862305 0.050782
-6.11938477 0.09057600 -1.83862305 0.080339
-6.12573195 0.09057600 -1.83862305 0.132342
-6.13208008 0.09057600 -1.83862305 0.140414
-6.13891602 0.09106400 -1.83813500 0.137484
-6.14526415 0.09106400 -1.83813500 0.175570
-6.03491211 0.09155300 -1.84008801 0.049073
-6.04077101 0.09155300 -1.84008801 0.049317
-6.04663086 0.09155300 -1.83959997 0.037354
-6.05395508 0.09204100 -1.83959997 0.041260
-6.06079102 0.09204100 -1.83959997 0.033936
-6.06713915 0.09204100 -1.83959997 0.036866
-6.07348585 0.09204100 -1.83959997 0.047120
-6.07934618 0.09252900 -1.83911097 0.041993
-6.08618212 0.09252900 -1.83911097 0.042237
-6.09301805 0.09252900 -1.83911097 0.040040
-6.09985399 0.09252900 -1.83911097 0.049073
-6.10522509 0.09252900 -1.83862305 0.040528
-6.11254883 0.09301800 -1.83862305 0.052491
-6.11938477 0.09301800 -1.83862305 0.105974
-6.12573195 0.09301800 -1.83862305 0.124041
-6.13159180 0.09301800 -1.83813500 0.134554
-6.13891602 0.09301800 -1.83813500 0.150179
-6.14575195 0.09350600 -1.83813500 0.147250
-6.15210009 0.09350600 -1.83813500 0.135531
-6.03442383 0.09350600 -1.84008801 0.039796
-6.03979492 0.09350600 -1.83959997 0.043946
-6.04711914 0.09350600 -1.83959997 0.036133
-6.05297899 0.09350600 -1.83959997 0.036622
-6.06030321 0.09399400 -1.83959997 0.035401
-6.06664991 0.09399400 -1.83959997 0.043458
-6.07299805 0.09399400 -1.83911097 0.048829
-6.08032179 0.09399400 -1.83959997 0.036133
-6.08666992 0.09399400 -1.83959997 0.034668
-6.09301805 0.09448200 -1.83911097 0.041016
-6.09838915 0.09448200 -1.83862305 0.052003
-6.10668898 0.09448200 -1.83911097 0.042481
-6.11303711 0.09448200 -1.83911097 0.049561
-6.11938477 0.09448200 -1.83862305 0.115496
-6.12524414 0.09497100 -1.83862305 0.117937
-6.13305712 0.09497100 -1.83862305 0.101579
-6.13940382 0.09497100 -1.83862305 0.138705
-6.14526415 0.09497100 -1.83813500 0.136019
-6.15161085 0.09497100 -1.83813500 0.146761
-6.03442383 0.09545900 -1.84008801 0.034913
-6.04028320 0.09545900 -1.83959997 0.037354
-6.04614305 0.09545900 -1.83959997 0.037842
-6.05395508 0.09594700 -1.83959997 0.037598
-6.06030321 0.09594700 -1.83959997 0.038331
-6.06616211 0.09594700 -1.83959997 0.035157
-6.07397509 0.09594700 -1.83959997 0.041749
-6.07983398 0.09594700 -1.83911097 0.039307
-6.08666992 0.09643600 -1.83911097 0.043702
-6.09204102 0.09643600 -1.83911097 0.044678
-6.09936523 0.09643600 -1.83911097 0.057618
-6.10571289 0.09643600 -1.83862305 0.050538
-6.11254883 0.09692400 -1.83911097 0.069352
-6.11889601 0.09692400 -1.83862305 0.117449
-6.12475586 0.09692400 -1.83862305 0.131365
-6.13256788 0.09692400 -1.83862305 0.130632
-6.13891602 0.09692400 -1.83862305 0.137728
-6.14526415 0.09741200 -1.83813500 0.157015
-6.15258789 0.09741200 -1.83813500 0.152621
-6.15795898 0.09741200 -1.83764601 0.138216
-6.02758789 0.09692400 -1.84008801 0.052979
-6.03442383 0.09692400 -1.84008801 0.047364
-6.04174805 0.09741200 -1.84008801 0.047608
-6.04663086 0.09741200 -1.83959997 0.033692
-6.05346680 0.09741200 -1.83959997 0.032471
-6.05981398 0.09741200 -1.83959997 0.036622
-6.06567383 0.09741200 -1.83911097 0.040528
-6.07299805 0.09790000 -1.83911097 0.041505
-6.07983398 0.09790000 -1.83911097 0.041749
-6.08569288 0.09790000 -1.83911097 0.041505
-6.09252882 0.09790000 -1.83911097 0.045411
-6.09985399 0.09790000 -1.83911097 0.049561
-6.10620117 0.09838900 -1.83911097 0.051514
-6.11352491 0.09838900 -1.83911097 0.088884
-6.11840820 0.09838900 -1.83862305 0.122820
-6.12622118 0.09838900 -1.83862305 0.149935
-6.13305712 0.09887700 -1.83862305 0.169711
-6.13842821 0.09887700 -1.83813500 0.159701
-6.14526415 0.09887700 -1.83813500 0.156283
-6.15258789 0.09887700 -1.83813500 0.155550
-6.15747118 0.09887700 -1.83764601 0.153841
-6.02758789 0.09887700 -1.84008801 0.087175
-6.03344679 0.09936500 -1.83959997 0.048341
-6.04028320 0.09936500 -1.83959997 0.042725
-6.04663086 0.09936500 -1.83959997 0.037598
-6.05297899 0.09936500 -1.83959997 0.041749
-6.05981398 0.09936500 -1.83959997 0.047852
-6.06567383 0.09985400 -1.83911097 0.044923
-6.07250977 0.09985400 -1.83911097 0.045167
-6.07983398 0.09985400 -1.83959997 0.045167
-6.08569288 0.09985400 -1.83911097 0.045411
-6.09350586 0.10034200 -1.83911097 0.043702
-6.09887695 0.10034200 -1.83862305 0.051514
-6.10571289 0.10034200 -1.83862305 0.057374
-6.11303711 0.10034200 -1.83911097 0.096696
-6.11889601 0.10034200 -1.83862305 0.131609
-6.12573195 0.10083000 -1.83862305 0.150668
-6.13159180 0.10083000 -1.83813500 0.156771
-6.13891602 0.10083000 -1.83813500 0.145296
-6.14575195 0.10083000 -1.83813500 0.186801
-6.15210009 0.10131800 -1.83813500 0.172396
-6.15893602 0.10131800 -1.83813500 0.164096
-6.16528320 0.10131800 -1.83764601 0.148470
-6.02758789 0.10034200 -1.84008801 0.110613
-6.03393602 0.10034200 -1.84008801 0.054444
-6.03930712 0.10083000 -1.83959997 0.044190
-6.04711914 0.10083000 -1.83959997 0.040040
-6.05249023 0.10083000 -1.83959997 0.041749
-6.05981398 0.10083000 -1.83959997 0.040772
-6.06664991 0.10131800 -1.83959997 0.039063
-6.07299805 0.10131800 -1.83959997 0.046387
-6.07934618 0.10131800 -1.83911097 0.039307
-6.08666992 0.10131800 -1.83959997 0.036866
-6.09350586 0.10131800 -1.83959997 0.038819
-6.09936523 0.10180700 -1.83911097 0.043458
-6.10522509 0.10180700 -1.83862305 0.061036
-6.11254883 0.10180700 -1.83911097 0.103288
-6.11889601 0.10180700 -1.83862305 0.118181
-6.12573195 0.10229500 -1.83862305 0.124773
-6.13305712 0.10229500 -1.83862305 0.134310
-6.13891602 0.10229500 -1.83862305 0.150423
-6.14477491 0.10229500 -1.83813500 0.170199
-6.15210009 0.10229500 -1.83813500 0.162631
-6.15893602 0.10278300 -1.83813500 0.160678
-6.16479492 0.10278300 -1.83764601 0.146517
-6.02710009 0.10278300 -1.84008801 0.176547
-6.03198195 0.10278300 -1.83911097 0.088884
-6.04077101 0.10278300 -1.84008801 0.052979
-6.04760695 0.10278300 -1.84008801 0.047852
-6.05297899 0.10327100 -1.83959997 0.046143
-6.05981398 0.10327100 -1.83959997 0.038087
-6.06664991 0.10327100 -1.83959997 0.044923
-6.07299805 0.10327100 -1.83959997 0.040528
-6.07885695 0.10327100 -1.83911097 0.036622
-6.08666992 0.10376000 -1.83959997 0.039796
-6.09204102 0.10376000 -1.83862305 0.042481
-6.10034180 0.10376000 -1.83911097 0.042481
-6.10522509 0.10376000 -1.83862305 0.063722
-6.11352491 0.10424800 -1.83911097 0.098650
-6.11791992 0.10424800 -1.83813500 0.117937
-6.12573195 0.10424800 -1.83862305 0.141146
-6.13208008 0.10424800 -1.83862305 0.149447
-6.13793898 0.10473600 -1.83813500 0.174350
-6.14575195 0.10473600 -1.83813500 0.167269
-6.15161085 0.10473600 -1.83813500 0.153109
-6.15795898 0.10473600 -1.83764601 0.149935
-6.16528320 0.10473600 -1.83813500 0.153109
-6.17114305 0.10522500 -1.83764601 0.152132
-6.02172899 0.10424800 -1.84008801 0.145296
-6.02807617 0.10424800 -1.84008801 0.165560
-6.03344679 0.10424800 -1.83959997 0.101091
-6.04077101 0.10473600 -1.84008801 0.060548
-6.04711914 0.10473600 -1.83959997 0.044923
-6.05346680 0.10473600 -1.83959997 0.050782
-6.05883789 0.10473600 -1.83911097 0.046876
-6.06664991 0.10522500 -1.83959997 0.051026
-6.07250977 0.10522500 -1.83911097 0.047852
-6.08032179 0.10522500 -1.83959997 0.035157
-6.08618212 0.10522500 -1.83911097 0.046387
-6.09350586 0.10571300 -1.83911097 0.050538
-6.09936523 0.10571300 -1.83911097 0.045655
-6.10571289 0.10571300 -1.83862305 0.080095
-6.11254883 0.10571300 -1.83862305 0.135286
-6.11889601 0.10571300 -1.83862305 0.139437
-6.12573195 0.10620100 -1.83862305 0.122576
-6.13305712 0.10620100 -1.83862305 0.135531
-6.13891602 0.10620100 -1.83862305 0.160433
-6.14526415 0.10620100 -1.83813500 0.161654
-6.15112305 0.10668900 -1.83764601 0.145785
-6.15942383 0.10668900 -1.83813500 0.132097
-6.16625977 0.10668900 -1.83813500 0.191196
-6.17163086 0.10668900 -1.83764601 0.154574
-6.02172899 0.10620100 -1.84008801 0.175326
-6.02710009 0.10668900 -1.84008801 0.153597
-6.03442383 0.10668900 -1.84008801 0.141634
-6.03881788 0.10668900 -1.83911097 0.081804
-6.04614305 0.10668900 -1.83959997 0.049561
-6.05297899 0.10668900 -1.83959997 0.036133
-6.06030321 0.10717800 -1.83959997 0.029053
-6.06616211 0.10717800 -1.83959997 0.037842
-6.07299805 0.10717800 -1.83959997 0.035645
-6.07983398 0.10717800 -1.83959997 0.039063
-6.08618212 0.10766600 -1.83911097 0.047852
-6.09252882 0.10766600 -1.83911097 0.044434
-6.09985399 0.10766600 -1.83911097 0.047852
-6.10620117 0.10766600 -1.83911097 0.086931
-6.11206102 0.10815400 -1.83862305 0.150179
-6.11889601 0.10815400 -1.83862305 0.186313
-6.12573195 0.10815400 -1.83862305 0.179232
-6.13208008 0.10815400 -1.83862305 0.164584
-6.13842821 0.10864300 -1.83813500 0.190463
-6.14477491 0.10864300 -1.83813500 0.151400
-6.15307617 0.10864300 -1.83862305 0.140414
-6.15747118 0.10864300 -1.83764601 0.167758
-6.16430712 0.10913100 -1.83764601 0.150423
-6.17163086 0.10913100 -1.83764601 0.146029
-6.02075195 0.10766600 -1.84008801 0.176303
-6.02758789 0.10815400 -1.84008801 0.131853
-6.03539991 0.10815400 -1.84008801 0.125505
-6.03930712 0.10815400 -1.83959997 0.084733
-6.04565382 0.10815400 -1.83911097 0.047364
-6.05297899 0.10864300 -1.83959997 0.035401
-6.06079102 0.10864300 -1.84008801 0.042481
-6.06616211 0.10864300 -1.83959997 0.044923
-6.07250977 0.10864300 -1.83911097 0.041749
-6.07885695 0.10913100 -1.83911097 0.041016
-6.08666992 0.10913100 -1.83959997 0.043458
-6.09204102 0.10913100 -1.83911097 0.038819
-6.09985399 0.10913100 -1.83911097 0.044923
-6.10668898 0.10961900 -1.83911097 0.094499
-6.11303711 0.10961900 -1.83911097 0.161898
-6.11938477 0.10961900 -1.83862305 0.196078
-6.12524414 0.10961900 -1.83862305 0.165805
-6.13305712 0.11010700 -1.83862305 0.158236
-6.13842821 0.11010700 -1.83813500 0.170199
-6.14477491 0.11010700 -1.83813500 0.140902
-6.15210009 0.11010700 -1.83813500 0.133577
-6.15893602 0.11059600 -1.83813500 0.144320
-6.16577101 0.11059600 -1.83813500 0.165072
-6.17163086 0.11059600 -1.83764601 0.163607
-6.17797899 0.11059600 -1.83764601 0.148470
-6.02124023 0.11010700 -1.84008801 0.147250
-6.02710009 0.11010700 -1.84008801 0.146029
-6.03442383 0.11010700 -1.84008801 0.139437
-6.04028320 0.11010700 -1.84008801 0.135775
-6.04565382 0.11059600 -1.83959997 0.065187
-6.05395508 0.11059600 -1.83959997 0.049805
-6.05883789 0.11059600 -1.83911097 0.046387
-6.06567383 0.11059600 -1.83911097 0.047364
-6.07250977 0.11108400 -1.83911097 0.037598
-6.07983398 0.11108400 -1.83959997 0.039063
-6.08618212 0.11108400 -1.83911097 0.050050
-6.09252882 0.11108400 -1.83911097 0.051026
-6.09936523 0.11157200 -1.83911097 0.047608
-6.10620117 0.11157200 -1.83911097 0.104997
-6.11254883 0.11157200 -1.83911097 0.153841
-6.11840820 0.11157200 -1.83862305 0.145296
-6.12524414 0.11206100 -1.83862305 0.134310
-6.13208008 0.11206100 -1.83862305 0.127947
-6.13891602 0.11206100 -1.83862305 0.122576
-6.14624023 0.11206100 -1.83862305 0.128923
-6.15161085 0.11254900 -1.83813500 0.120623
-6.15795898 0.11254900 -1.83813500 0.121355
-6.16528320 0.11254900 -1.83813500 0.147005
-6.17260695 0.11254900 -1.83813500 0.154086
-6.17895508 0.11303700 -1.83764601 0.157748
-6.01586914 0.11157200 -1.84057605 0.145296
-6.02172899 0.11206100 -1.84057605 0.157504
-6.02758789 0.11206100 -1.84008801 0.164096
-6.03344679 0.11206100 -1.84008801 0.166781
-6.03979492 0.11206100 -1.83959997 0.156771
-6.04663086 0.11254900 -1.83959997 0.087663
-6.05395508 0.11254900 -1.83959997 0.049561
-6.05932617 0.11254900 -1.83959997 0.042481
-6.06567383 0.11254900 -1.83959997 0.039063
-6.07348585 0.11303700 -1.83959997 0.040284
-6.07983398 0.11303700 -1.83959997 0.051759
-6.08569288 0.11303700 -1.83911097 0.050050
-6.09301805 0.11303700 -1.83911097 0.039796
-6.10034180 0.11352500 -1.83959997 0.045167
-6.10668898 0.11352500 -1.83911097 0.109392
-6.11303711 0.11352500 -1.83911097 0.147494
-6.11840820 0.11352500 -1.83862305 0.148470
-6.12573195 0.11401400 -1.83862305 0.119402
-6.13208008 0.11401400 -1.83862305 0.116960
-6.13842821 0.11401400 -1.83862305 0.146761
-6.14477491 0.11401400 -1.83813500 0.142123
-6.15161085 0.11450200 -1.83813500 0.138216
-6.15844679 0.11450200 -1.83813500 0.131365
-6.16528320 0.11450200 -1.83813500 0.155550
-6.17163086 0.11450200 -1.83764601 0.148226
-6.17846680 0.11499000 -1.83764601 0.138216
-6.18530321 0.11499000 -1.83764601 0.135531
-6.01489305 0.11352500 -1.84057605 0.178744
-6.02124023 0.11401400 -1.84008801 0.148959
-6.02758789 0.11401400 -1.84008801 0.147494
-6.03393602 0.11401400 -1.84008801 0.146273
-6.04028320 0.11401400 -1.84008801 0.135775
-6.04663086 0.11450200 -1.83959997 0.096452
-6.05297899 0.11450200 -1.83959997 0.049805
-6.05932617 0.11450200 -1.83959997 0.046632
-6.06664991 0.11450200 -1.83959997 0.044434
-6.07299805 0.11499000 -1.83959997 0.049317
-6.08032179 0.11499000 -1.83959997 0.048829
-6.08569288 0.11499000 -1.83911097 0.046387
-6.09204102 0.11499000 -1.83911097 0.035157
-6.10131788 0.11547900 -1.83959997 0.059571
-6.10620117 0.11547900 -1.83911097 0.111345
-6.11254883 0.11547900 -1.83911097 0.139437
-6.11889601 0.11547900 -1.83862305 0.138705
-6.12524414 0.11596700 -1.83862305 0.132830
-6.13159180 0.11596700 -1.83862305 0.123796
-6.13842821 0.11596700 -1.83813500 0.156283
-6.14526415 0.11596700 -1.83813500 0.140902
-6.15161085 0.11645500 -1.83813500 0.128679
-6.15942383 0.11645500 -1.83813500 0.135531
-6.16577101 0.11645500 -1.83813500 0.145052
-6.17260695 0.11694300 -1.83813500 0.145785
-6.17846680 0.11694300 -1.83764601 0.143343
-6.18530321 0.11694300 -1.83764601 0.142367
-6.01538086 0.11547900 -1.84057605 0.180209
-6.02124023 0.11547900 -1.84008801 0.178988
-6.02807617 0.11547900 -1.84008801 0.135531
-6.03442383 0.11596700 -1.84008801 0.139925
-6.04125977 0.11596700 -1.84008801 0.156771
-6.04516602 0.11596700 -1.83911097 0.110124
-6.05395508 0.11596700 -1.84008801 0.055909
-6.06030321 0.11645500 -1.83959997 0.042481
-6.06664991 0.11645500 -1.83959997 0.035645
-6.07250977 0.11645500 -1.83911097 0.036378
-6.08032179 0.11645500 -1.83959997 0.042237
-6.08618212 0.11694300 -1.83911097 0.043702
-6.09204102 0.11694300 -1.83911097 0.042237
-6.10131788 0.11694300 -1.83959997 0.069352
-6.10620117 0.11694300 -1.83911097 0.122576
-6.11254883 0.11743200 -1.83911097 0.124285
-6.11889601 0.11743200 -1.83862305 0.122576
-6.12475586 0.11743200 -1.83862305 0.141390
-6.13256788 0.11792000 -1.83862305 0.138705
-6.13891602 0.11792000 -1.83862305 0.136019
-6.14526415 0.11792000 -1.83813500 0.137972
-6.15161085 0.11792000 -1.83813500 0.143099
-6.15893602 0.11840800 -1.83813500 0.169955
-6.16479492 0.11840800 -1.83764601 0.145785
-6.17211914 0.11840800 -1.83813500 0.136507
-6.17895508 0.11840800 -1.83764601 0.130632
-6.18579102 0.11889600 -1.83764601 0.132342
-6.19262695 0.11889600 -1.83764601 0.133074
-6.01538086 0.11743200 -1.84057605 0.154086
-6.02075195 0.11743200 -1.84008801 0.149691
-6.02807617 0.11792000 -1.84008801 0.165560
-6.03295898 0.11792000 -1.83959997 0.186557
-6.04028320 0.11792000 -1.84008801 0.165072
-6.04711914 0.11792000 -1.83959997 0.141146
-6.05395508 0.11840800 -1.84008801 0.079362
-6.05883789 0.11840800 -1.83959997 0.050050
-6.06616211 0.11840800 -1.83959997 0.036622
-6.07348585 0.11840800 -1.83959997 0.037842
-6.07983398 0.11889600 -1.83959997 0.037110
-6.08666992 0.11889600 -1.83959997 0.038087
-6.09252882 0.11889600 -1.83911097 0.046387
-6.09985399 0.11889600 -1.83911097 0.108904
-6.10522509 0.11938500 -1.83911097 0.155062
-6.11206102 0.11938500 -1.83911097 0.127459
-6.11889601 0.11938500 -1.83862305 0.146761
-6.12524414 0.11938500 -1.83862305 0.157259
-6.13208008 0.11987300 -1.83862305 0.156283
-6.13793898 0.11987300 -1.83813500 0.141390
-6.14526415 0.11987300 -1.83862305 0.150423
-6.15210009 0.12036100 -1.83813500 0.147982
-6.15942383 0.12036100 -1.83862305 0.144320
-6.16430712 0.12036100 -1.83764601 0.153353
-6.17260695 0.12036100 -1.83813500 0.125750
-6.17895508 0.12085000 -1.83764601 0.156283
-6.18481398 0.12085000 -1.83764601 0.145052
-6.19116211 0.12085000 -1.83715796 0.129412
-6.00854492 0.11889600 -1.84057605 0.140169
-6.01586914 0.11938500 -1.84057605 0.152132
-6.02221680 0.11938500 -1.84057605 0.166049
-6.02758789 0.11938500 -1.84008801 0.152865
-6.03442383 0.11938500 -1.84008801 0.143343
-6.04125977 0.11987300 -1.84008801 0.131365
-6.04663086 0.11987300 -1.83959997 0.142367
-6.05297899 0.11987300 -1.83959997 0.125017
-6.05981398 0.11987300 -1.83959997 0.074479
-6.06713915 0.12036100 -1.83959997 0.040528
-6.07299805 0.12036100 -1.83959997 0.038331
-6.07885695 0.12036100 -1.83911097 0.037110
-6.08569288 0.12085000 -1.83911097 0.033936
-6.09399414 0.12085000 -1.83959997 0.041505
-6.09985399 0.12085000 -1.83911097 0.115251
-6.10620117 0.12085000 -1.83911097 0.167758
-6.11303711 0.12133800 -1.83911097 0.155062
-6.11938477 0.12133800 -1.83911097 0.163607
-6.12524414 0.12133800 -1.83862305 0.189487
-6.13159180 0.12133800 -1.83862305 0.157015
-6.13891602 0.12182600 -1.83862305 0.148470
-6.14575195 0.12182600 -1.83862305 0.157259
-6.15161085 0.12182600 -1.83813500 0.177768
-6.15844679 0.12182600 -1.83813500 0.144076
-6.16577101 0.12231400 -1.83813500 0.159945
-6.17211914 0.12231400 -1.83813500 0.125994
-6.17797899 0.12231400 -1.83764601 0.131853
-6.18530321 0.12280300 -1.83764601 0.141878
-6.19311523 0.12280300 -1.83764601 0.161898
-6.00903320 0.12085000 -1.84057605 0.157259
-6.01440382 0.12133800 -1.84008801 0.156283
-6.02221680 0.12133800 -1.84057605 0.144808
-6.02758789 0.12133800 -1.84008801 0.152865
-6.03344679 0.12133800 -1.84008801 0.147005
-6.04077101 0.12182600 -1.84008801 0.141634
-6.04663086 0.12182600 -1.83959997 0.136995
-6.05346680 0.12182600 -1.83959997 0.129412
-6.05883789 0.12182600 -1.83959997 0.088151
-6.06567383 0.12231400 -1.83911097 0.053956
-6.07348585 0.12231400 -1.83959997 0.037598
-6.07885695 0.12231400 -1.83911097 0.033448
-6.08666992 0.12280300 -1.83959997 0.037110
-6.09399414 0.12280300 -1.83959997 0.052247
-6.09985399 0.12280300 -1.83911097 0.121111
-6.10522509 0.12280300 -1.83862305 0.174594
-6.11206102 0.12329100 -1.83911097 0.130632
-6.11889601 0.12329100 -1.83862305 0.156039
-6.12475586 0.12329100 -1.83862305 0.141634
-6.13208008 0.12377900 -1.83862305 0.134798
-6.13842821 0.12377900 -1.83862305 0.150179
-6.14526415 0.12377900 -1.83813500 0.152865
-6.15161085 0.12377900 -1.83813500 0.140414
-6.15893602 0.12426800 -1.83813500 0.120867
-6.16625977 0.12426800 -1.83813500 0.151644
-6.17163086 0.12426800 -1.83764601 0.142611
-6.17895508 0.12426800 -1.83813500 0.137728
-6.18627882 0.12475600 -1.83813500 0.174594
-6.19213915 0.12475600 -1.83764601 0.169467
-6.00903320 0.12280300 -1.84057605 0.162142
-6.01489305 0.12280300 -1.84057605 0.168490
-6.02172899 0.12280300 -1.84057605 0.167514
-6.02758789 0.12329100 -1.84008801 0.161898
-6.03393602 0.12329100 -1.84008801 0.140902
-6.04077101 0.12329100 -1.84008801 0.134798
-6.04663086 0.12377900 -1.83959997 0.128435
-6.05346680 0.12377900 -1.83959997 0.117693
-6.05932617 0.12377900 -1.83959997 0.092546
-6.06469679 0.12377900 -1.83911097 0.059571
-6.07299805 0.12426800 -1.83959997 0.041749
-6.07983398 0.12426800 -1.83959997 0.033692
-6.08618212 0.12426800 -1.83911097 0.041016
-6.09252882 0.12426800 -1.83911097 0.068132
-6.09985399 0.12475600 -1.83911097 0.139193
-6.10571289 0.12475600 -1.83911097 0.129900
-6.11303711 0.12475600 -1.83911097 0.120134
-6.11840820 0.12524401 -1.83862305 0.132586
-6.12622118 0.12524401 -1.83911097 0.132830
-6.13208008 0.12524401 -1.83862305 0.151156
-6.13891602 0.12524401 -1.83862305 0.154574
-6.14624023 0.12573200 -1.83862305 0.172641
-6.15112305 0.12573200 -1.83813500 0.136995
-6.15893602 0.12573200 -1.83813500 0.124773
-6.16528320 0.12622100 -1.83813500 0.128435
-6.17163086 0.12622100 -1.83813500 0.128679
-6.17944288 0.12622100 -1.83813500 0.133822
-6.18579102 0.12622100 -1.83764601 0.174105
-6.19213915 0.12670900 -1.83764601 0.158236
-6.00903320 0.12475600 -1.84057605 0.184360
-6.01538086 0.12524401 -1.84057605 0.154574
-6.02172899 0.12524401 -1.84057605 0.141634
-6.02807617 0.12524401 -1.84057605 0.126970
-6.03442383 0.12524401 -1.84008801 0.134554
-6.04028320 0.12573200 -1.84008801 0.131365
-6.04711914 0.12573200 -1.84008801 0.150179
-6.05249023 0.12573200 -1.83959997 0.159457
-6.05981398 0.12573200 -1.83959997 0.128435
-6.06469679 0.12622100 -1.83911097 0.082536
-6.07299805 0.12622100 -1.83959997 0.038087
-6.08032179 0.12622100 -1.83959997 0.032227
-6.08569288 0.12670900 -1.83911097 0.036866
-6.09350586 0.12670900 -1.83959997 0.065187
-6.09838915 0.12670900 -1.83862305 0.126726
-6.10620117 0.12670900 -1.83911097 0.154574
-6.11303711 0.12719700 -1.83911097 0.168490
-6.11889601 0.12719700 -1.83862305 0.161410
-6.12573195 0.12719700 -1.83862305 0.146761
-6.13110399 0.12719700 -1.83813500 0.159457
-6.13793898 0.12768599 -1.83813500 0.136507
-6.14575195 0.12768599 -1.83862305 0.141390
-6.15258789 0.12768599 -1.83862305 0.134798
-6.15893602 0.12817401 -1.83813500 0.136995
-6.16577101 0.12817401 -1.83813500 0.166781
-6.17163086 0.12817401 -1.83813500 0.163363
-6.17846680 0.12866201 -1.83764601 0.167514
-6.18530321 0.12866201 -1.83764601 0.143587
-6.19262695 0.12866201 -1.83764601 0.144320
-6.00219679 0.12670900 -1.84057605 0.161166
-6.00903320 0.12670900 -1.84057605 0.161410
-6.01440382 0.12670900 -1.84008801 0.141146
-6.02172899 0.12719700 -1.84057605 0.141390
-6.02758789 0.12719700 -1.84008801 0.130632
-6.03393602 0.12719700 -1.84008801 0.146029
-6.04028320 0.12768599 -1.84008801 0.154330
-6.04711914 0.12768599 -1.84008801 0.158724
-6.05346680 0.12768599 -1.83959997 0.142611
-6.06030321 0.12768599 -1.84008801 0.145052
-6.06518602 0.12817401 -1.83911097 0.114763
-6.07202101 0.12817401 -1.83911097 0.048341
-6.08032179 0.12817401 -1.83959997 0.040528
-6.08618212 0.12866201 -1.83959997 0.040772
-6.09301805 0.12866201 -1.83959997 0.068864
-6.10083008 0.12866201 -1.83959997 0.128923
-6.10522509 0.12866201 -1.83911097 0.167514
-6.11206102 0.12915000 -1.83862305 0.186557
-6.11889601 0.12915000 -1.83911097 0.140658
-6.12573195 0.12915000 -1.83862305 0.136751
-6.13256788 0.12963900 -1.83862305 0.147250
-6.13891602 0.12963900 -1.83862305 0.151400
-6.14526415 0.12963900 -1.83862305 0.136751
-6.15112305 0.12963900 -1.83813500 0.159457
-6.15844679 0.13012700 -1.83813500 0.139193
-6.16528320 0.13012700 -1.83813500 0.159213
-6.17163086 0.13012700 -1.83764601 0.144320
-6.17944288 0.13061500 -1.83813500 0.143587
-6.18530321 0.13061500 -1.83764601 0.172152
-6.19164991 0.13061500 -1.83764601 0.172641
-6.00268602 0.12866201 -1.84057605 0.140902
-6.01000977 0.12866201 -1.84106398 0.133333
-6.01538086 0.12915000 -1.84057605 0.147982
-6.02124023 0.12915000 -1.84057605 0.127703
-6.02758789 0.12915000 -1.84008801 0.120134
-6.03491211 0.12963900 -1.84008801 0.148226
-6.04028320 0.12963900 -1.84008801 0.168002
-6.04711914 0.12963900 -1.84008801 0.137972
-6.05297899 0.12963900 -1.83959997 0.139681
-6.05932617 0.13012700 -1.83959997 0.133333
-6.06518602 0.13012700 -1.83911097 0.131121
-6.07153320 0.13012700 -1.83911097 0.077653
-6.07836914 0.13012700 -1.83911097 0.065675
-6.08618212 0.13061500 -1.83959997 0.052979
-6.09350586 0.13061500 -1.83959997 0.104265
-6.09985399 0.13061500 -1.83911097 0.173129
-6.10620117 0.13110401 -1.83911097 0.187045
-6.11206102 0.13110401 -1.83862305 0.169955
-6.11840820 0.13110401 -1.83862305 0.162875
-6.12524414 0.13159201 -1.83862305 0.185092
-6.13208008 0.13159201 -1.83862305 0.148226
-6.13891602 0.13159201 -1.83862305 0.141146
-6.14477491 0.13159201 -1.83813500 0.125750
-6.15210009 0.13208000 -1.83813500 0.140902
-6.15893602 0.13208000 -1.83813500 0.148226
-6.16528320 0.13208000 -1.83813500 0.133577
-6.17260695 0.13256800 -1.83813500 0.147005
-6.17846680 0.13256800 -1.83764601 0.143587
-6.18676805 0.13256800 -1.83813500 0.138705
-6.00170898 0.13061500 -1.84057605 0.157259
-6.00805712 0.13061500 -1.84057605 0.131853
-6.01489305 0.13110401 -1.84057605 0.152621
-6.02172899 0.13110401 -1.84057605 0.137240
-6.02758789 0.13110401 -1.84008801 0.149447
-6.03442383 0.13159201 -1.84008801 0.159945
-6.04028320 0.13159201 -1.84008801 0.147738
-6.04711914 0.13159201 -1.84008801 0.151888
-6.05297899 0.13159201 -1.83959997 0.123552
-6.05932617 0.13208000 -1.83959997 0.132586
-6.06713915 0.13208000 -1.83959997 0.138460
-6.07299805 0.13208000 -1.83959997 0.116472
-6.07836914 0.13256800 -1.83911097 0.066667
-6.08520508 0.13256800 -1.83911097 0.056153
-6.09301805 0.13256800 -1.83959997 0.109148
-6.09936523 0.13256800 -1.83911097 0.143343
-6.10522509 0.13305700 -1.83911097 0.150912
-6.11254883 0.13305700 -1.83911097 0.185824
-6.11938477 0.13305700 -1.83911097 0.159945
-6.12524414 0.13354500 -1.83862305 0.177523
-6.13159180 0.13354500 -1.83862305 0.133822
-6.13793898 0.13354500 -1.83813500 0.119158
-6.14575195 0.13403299 -1.83862305 0.133577
-6.15161085 0.13403299 -1.83813500 0.153597
-6.15844679 0.13403299 -1.83813500 0.157992
-6.16479492 0.13403299 -1.83813500 0.143587
-6.17260695 0.13452099 -1.83813500 0.140658
-6.17797899 0.13452099 -1.83764601 0.136995
-6.18579102 0.13452099 -1.83813500 0.119158
-6.00219679 0.13208000 -1.84057605 0.144564
-6.00903320 0.13208000 -1.84057605 0.120867
-6.01538086 0.13256800 -1.84057605 0.125994
-6.02124023 0.13256800 -1.84057605 0.128435
-6.02807617 0.13256800 -1.84057605 0.149447
-6.03442383 0.13256800 -1.84008801 0.155306
-6.04077101 0.13305700 -1.84008801 0.144808
-6.04663086 0.13305700 -1.84008801 0.148959
-6.05395508 0.13305700 -1.84008801 0.169711
-6.05932617 0.13354500 -1.83959997 0.144564
-6.06713915 0.13354500 -1.84008801 0.149203
-6.07202101 0.13354500 -1.83911097 0.141878
-6.07788086 0.13354500 -1.83911097 0.079118
-6.08618212 0.13403299 -1.83959997 0.063966
-6.09301805 0.13403299 -1.83911097 0.110613
-6.09887695 0.13403299 -1.83911097 0.155795
-6.10522509 0.13452099 -1.83911097 0.156527
-6.11254883 0.13452099 -1.83911097 0.190463
-6.11889601 0.13452099 -1.83862305 0.192172
-6.12475586 0.13501000 -1.83862305 0.180453
-6.13208008 0.13501000 -1.83862305 0.137728
-6.13891602 0.13501000 -1.83862305 0.125750
-6.14575195 0.13501000 -1.83862305 0.128679
-6.15161085 0.13549800 -1.83813500 0.147250
-6.15844679 0.13549800 -1.83813500 0.159945
-6.16528320 0.13549800 -1.83813500 0.145541
-6.17260695 0.13598600 -1.83813500 0.141634
-6.17846680 0.13598600 -1.83764601 0.154574
-6.18530321 0.13598600 -1.83764601 0.118181
-5.99633789 0.13403299 -1.84106398 0.161654
-6.00219679 0.13403299 -1.84057605 0.135775
-6.00952101 0.13452099 -1.84057605 0.147738
-6.01489305 0.13452099 -1.84057605 0.133333
-6.02172899 0.13452099 -1.84057605 0.131609
-6.02758789 0.13501000 -1.84008801 0.177523
-6.03393602 0.13501000 -1.84008801 0.195102
-6.04077101 0.13501000 -1.84008801 0.179477
-6.04614305 0.13501000 -1.83959997 0.178744
-6.05346680 0.13549800 -1.83959997 0.156039
-6.05932617 0.13549800 -1.83959997 0.147738
-6.06616211 0.13549800 -1.83959997 0.132342
-6.07202101 0.13598600 -1.83911097 0.140414
-6.07983398 0.13598600 -1.83959997 0.086931
-6.08618212 0.13598600 -1.83959997 0.086442
-6.09252882 0.13647500 -1.83911097 0.141146
-6.09838915 0.13647500 -1.83911097 0.142855
-6.10668898 0.13647500 -1.83911097 0.143587
-6.11206102 0.13647500 -1.83862305 0.127459
-6.11840820 0.13696299 -1.83862305 0.150179
-6.12573195 0.13696299 -1.83862305 0.154330
-6.13159180 0.13696299 -1.83862305 0.171664
-6.13842821 0.13745099 -1.83862305 0.150179
-6.14526415 0.13745099 -1.83813500 0.122332
-6.15210009 0.13745099 -1.83862305 0.145052
-6.15844679 0.13793901 -1.83813500 0.161410
-6.16528320 0.13793901 -1.83813500 0.157504
-6.17211914 0.13793901 -1.83813500 0.153109
-6.17797899 0.13842800 -1.83764601 0.157504
-6.18579102 0.13842800 -1.83764601 0.144320
-5.99633789 0.13598600 -1.84106398 0.140658
-6.00122118 0.13598600 -1.84057605 0.130632
-6.00903320 0.13598600 -1.84057605 0.155795
-6.01489305 0.13598600 -1.84057605 0.160922
-6.02075195 0.13647500 -1.84008801 0.157504
-6.02807617 0.13647500 -1.84008801 0.167269
-6.03393602 0.13647500 -1.84008801 0.141146
-6.04077101 0.13696299 -1.84008801 0.137240
-6.04711914 0.13696299 -1.84008801 0.139925
-6.05346680 0.13696299 -1.84008801 0.139925
-6.05932617 0.13745099 -1.83959997 0.148226
-6.06518602 0.13745099 -1.83911097 0.151400
-6.07348585 0.13745099 -1.83959997 0.148226
-6.07836914 0.13745099 -1.83911097 0.113542
-6.08569288 0.13793901 -1.83911097 0.120623
-6.09204102 0.13793901 -1.83911097 0.146273
-6.09936523 0.13793901 -1.83911097 0.135775
-6.10522509 0.13842800 -1.83911097 0.118425
-6.11157179 0.13842800 -1.83862305 0.119890
-6.11791992 0.13842800 -1.83862305 0.119158
-6.12573195 0.13891600 -1.83862305 0.146517
-6.13159180 0.13891600 -1.83862305 0.219043
-6.13842821 0.13891600 -1.83862305 0.163119
-6.14526415 0.13940400 -1.83862305 0.126238
-6.15161085 0.13940400 -1.83813500 0.147005
-6.15893602 0.13940400 -1.83813500 0.153597
-6.16528320 0.13940400 -1.83813500 0.151156
-6.17211914 0.13989300 -1.83813500 0.131121
-6.17944288 0.13989300 -1.83813500 0.128923
-6.18579102 0.13989300 -1.83764601 0.132097
-5.99487305 0.13745099 -1.84057605 0.141146
-6.00268602 0.13793901 -1.84106398 0.128923
-6.00854492 0.13793901 -1.84057605 0.175082
-6.01489305 0.13793901 -1.84057605 0.196078
-6.02124023 0.13793901 -1.84008801 0.147005
-6.02807617 0.13842800 -1.84008801 0.128191
-6.03442383 0.13842800 -1.84008801 0.133577
-6.04028320 0.13842800 -1.84008801 0.126238
-6.04760695 0.13891600 -1.84008801 0.146517
-6.05297899 0.13891600 -1.83959997 0.140169
-6.05981398 0.13891600 -1.83959997 0.143343
-6.06616211 0.13940400 -1.83959997 0.160433
-6.07299805 0.13940400 -1.83959997 0.134798
-6.07885695 0.13940400 -1.83911097 0.146517
-6.08520508 0.13989300 -1.83911097 0.142855
-6.09252882 0.13989300 -1.83911097 0.171664
-6.09838915 0.13989300 -1.83911097 0.179965
-6.10571289 0.13989300 -1.83911097 0.132586
-6.11303711 0.14038099 -1.83911097 0.127459
-6.11938477 0.14038099 -1.83911097 0.127459
-6.12475586 0.14038099 -1.83862305 0.148470
-6.13208008 0.14086901 -1.83862305 0.167269
-6.13891602 0.14086901 -1.83862305 0.173129
-6.14575195 0.14086901 -1.83862305 0.148714
-6.15161085 0.14135700 -1.83813500 0.137972
-6.15893602 0.14135700 -1.83813500 0.133822
-6.16528320 0.14135700 -1.83813500 0.124285
-6.17211914 0.14184600 -1.83813500 0.136507
-6.17846680 0.14184600 -1.83764601 0.139681
-6.18481398 0.14184600 -1.83764601 0.115984
-5.99536085 0.13940400 -1.84057605 0.147494
-6.00317383 0.13989300 -1.84106398 0.149203
-6.00805712 0.13989300 -1.84057605 0.162631
-6.01489305 0.13989300 -1.84057605 0.157748
-6.02124023 0.14038099 -1.84008801 0.151400
-6.02807617 0.14038099 -1.84057605 0.120867
-6.03344679 0.14038099 -1.84008801 0.157259
-6.03979492 0.14038099 -1.84008801 0.151400
-6.04663086 0.14086901 -1.84008801 0.141146
-6.05346680 0.14086901 -1.83959997 0.143343
-6.05932617 0.14086901 -1.83959997 0.151156
-6.06616211 0.14135700 -1.83959997 0.137728
-6.07202101 0.14135700 -1.83911097 0.141878
-6.07983398 0.14135700 -1.83959997 0.133577
-6.08618212 0.14184600 -1.83959997 0.103777
-6.09301805 0.14184600 -1.83911097 0.119402
-6.09838915 0.14184600 -1.83911097 0.139193
-6.10571289 0.14233400 -1.83911097 0.122332
-6.11206102 0.14233400 -1.83862305 0.142367
-6.11840820 0.14233400 -1.83862305 0.167514
-6.12524414 0.14282200 -1.83862305 0.158968
-6.13256788 0.14282200 -1.83862305 0.224659
-6.13793898 0.14282200 -1.83813500 0.229541
-6.14526415 0.14331099 -1.83862305 0.162387
-6.15210009 0.14331099 -1.83862305 0.171176
-6.15795898 0.14331099 -1.83813500 0.190219
-6.16479492 0.14331099 -1.83813500 0.149447
-6.17163086 0.14379901 -1.83764601 0.154574
-6.17846680 0.14379901 -1.83764601 0.125994
-5.99585009 0.14135700 -1.84057605 0.146517
-6.00170898 0.14184600 -1.84057605 0.158724
-6.00854492 0.14184600 -1.84057605 0.167025
-6.01489305 0.14184600 -1.84057605 0.167025
-6.02172899 0.14184600 -1.84057605 0.145785
-6.02758789 0.14233400 -1.84008801 0.156039
-6.03393602 0.14233400 -1.84008801 0.152132
-6.04028320 0.14233400 -1.84008801 0.128679
-6.04711914 0.14282200 -1.84008801 0.131609
-6.05346680 0.14282200 -1.84008801 0.150179
-6.05932617 0.14282200 -1.83959997 0.142367
-6.06616211 0.14331099 -1.83959997 0.135531
-6.07250977 0.14331099 -1.83959997 0.142367
-6.07885695 0.14331099 -1.83911097 0.135531
-6.08471680 0.14379901 -1.83911097 0.069841
-6.09301805 0.14379901 -1.83959997 0.095964
-6.09838915 0.14379901 -1.83911097 0.108415
-6.10571289 0.14428701 -1.83911097 0.127947
-6.11206102 0.14428701 -1.83911097 0.163119
-6.11889601 0.14428701 -1.83862305 0.147005
-6.12524414 0.14428701 -1.83862305 0.158968
-6.13256788 0.14477500 -1.83862305 0.196323
-6.13793898 0.14477500 -1.83813500 0.169223
-6.14477491 0.14477500 -1.83813500 0.159457
-6.15210009 0.14526400 -1.83862305 0.146517
-6.15844679 0.14526400 -1.83813500 0.145541
-6.16528320 0.14526400 -1.83813500 0.131609
-6.17260695 0.14575200 -1.83813500 0.185336
-6.17797899 0.14575200 -1.83764601 0.169223
-5.98950195 0.14331099 -1.84106398 0.131853
-5.99585009 0.14331099 -1.84057605 0.136751
-6.00219679 0.14331099 -1.84057605 0.145052
-6.00805712 0.14331099 -1.84057605 0.146517
-6.01489305 0.14379901 -1.84057605 0.148226
-6.02075195 0.14379901 -1.84008801 0.139193
-6.02710009 0.14379901 -1.84008801 0.156527
-6.03393602 0.14428701 -1.84008801 0.130632
-6.03979492 0.14428701 -1.84008801 0.122576
-6.04760695 0.14428701 -1.84008801 0.147982
-6.05395508 0.14477500 -1.84008801 0.181918
-6.05883789 0.14477500 -1.83959997 0.154574
-6.06567383 0.14477500 -1.83959997 0.127214
-6.07299805 0.14526400 -1.83959997 0.152132
-6.07739305 0.14526400 -1.83862305 0.111101
-6.08374023 0.14526400 -1.83862305 0.065431
-6.09350586 0.14575200 -1.83959997 0.084977
-6.09985399 0.14575200 -1.83959997 0.158480
-6.10571289 0.14575200 -1.83911097 0.139437
-6.11254883 0.14624000 -1.83911097 0.149447
-6.11889601 0.14624000 -1.83862305 0.159945
-6.12475586 0.14624000 -1.83862305 0.150423
-6.13208008 0.14672901 -1.83862305 0.153597
-6.13842821 0.14672901 -1.83862305 0.164340
-6.14526415 0.14672901 -1.83813500 0.151888
-6.15161085 0.14672901 -1.83813500 0.140169
-6.15893602 0.14721701 -1.83813500 0.146517
-6.16430712 0.14721701 -1.83764601 0.153353
-6.17309618 0.14770500 -1.83813500 0.174350
-6.17797899 0.14770500 -1.83764601 0.168490
-5.98950195 0.14477500 -1.84106398 0.155795
-5.99487305 0.14526400 -1.84057605 0.149935
-6.00219679 0.14526400 -1.84057605 0.164096
-6.00854492 0.14526400 -1.84057605 0.161898
-6.01489305 0.14575200 -1.84057605 0.144320
-6.02172899 0.14575200 -1.84057605 0.148959
-6.02710009 0.14575200 -1.84008801 0.139681
-6.03393602 0.14624000 -1.84008801 0.120867
-6.04028320 0.14624000 -1.84008801 0.136995
-6.04663086 0.14624000 -1.84008801 0.173861
-6.05249023 0.14672901 -1.83959997 0.146273
-6.05981398 0.14672901 -1.83959997 0.112566
-6.06616211 0.14672901 -1.83959997 0.108659
-6.07250977 0.14721701 -1.83959997 0.125505
-6.07788086 0.14721701 -1.83911097 0.121355
-6.08471680 0.14721701 -1.83911097 0.057618
-6.09252882 0.14770500 -1.83911097 0.057130
-6.09985399 0.14770500 -1.83959997 0.113787
-6.10571289 0.14770500 -1.83911097 0.134310
-6.11157179 0.14819300 -1.83862305 0.154330
-6.11889601 0.14819300 -1.83911097 0.130632
-6.12573195 0.14819300 -1.83911097 0.150423
-6.13110399 0.14868200 -1.83813500 0.182162
-6.13842821 0.14868200 -1.83862305 0.151644
-6.14477491 0.14868200 -1.83862305 0.160922
-6.15161085 0.14917000 -1.83813500 0.152377
-6.15844679 0.14917000 -1.83813500 0.146761
-6.16528320 0.14917000 -1.83813500 0.162631
-6.17211914 0.14965799 -1.83813500 0.178744
-6.17846680 0.14965799 -1.83813500 0.166049
-5.98901415 0.14721701 -1.84106398 0.158236
-5.99536085 0.14721701 -1.84057605 0.159945
-6.00219679 0.14721701 -1.84057605 0.145052
-6.00805712 0.14770500 -1.84057605 0.167269
-6.01440382 0.14770500 -1.84057605 0.140658
-6.02075195 0.14770500 -1.84057605 0.140414
-6.02661085 0.14819300 -1.84008801 0.136995
-6.03393602 0.14819300 -1.84008801 0.128923
-6.03979492 0.14819300 -1.84008801 0.148226
-6.04663086 0.14868200 -1.84008801 0.152865
-6.05297899 0.14868200 -1.83959997 0.125261
-6.05932617 0.14868200 -1.83959997 0.128191
-6.06567383 0.14917000 -1.83959997 0.136263
-6.07250977 0.14917000 -1.83959997 0.123796
-6.07788086 0.14917000 -1.83911097 0.094255
-6.08325195 0.14917000 -1.83862305 0.048096
-6.09204102 0.14965799 -1.83911097 0.044434
-6.09838915 0.14965799 -1.83911097 0.089128
-6.10522509 0.15014599 -1.83911097 0.150179
-6.11157179 0.15014599 -1.83911097 0.152621
-6.11938477 0.15014599 -1.83911097 0.160922
-6.12475586 0.15063500 -1.83862305 0.157748
-6.13208008 0.15063500 -1.83862305 0.140658
-6.13793898 0.15063500 -1.83862305 0.132830
-6.14526415 0.15112300 -1.83862305 0.147738
-6.15161085 0.15112300 -1.83813500 0.181918
-6.15844679 0.15112300 -1.83813500 0.147250
-6.16479492 0.15161100 -1.83813500 0.127947
-6.17114305 0.15161100 -1.83764601 0.130388
-6.17895508 0.15161100 -1.83813500 0.156527
-5.98999023 0.14868200 -1.84106398 0.157259
-5.99536085 0.14868200 -1.84057605 0.196078
-6.00073195 0.14917000 -1.84057605 0.139437
-6.00854492 0.14917000 -1.84057605 0.164828
-6.01440382 0.14917000 -1.84057605 0.149203
-6.02124023 0.14965799 -1.84057605 0.133577
-6.02758789 0.14965799 -1.84057605 0.133074
-6.03393602 0.14965799 -1.84008801 0.126482
-6.03979492 0.15014599 -1.84008801 0.128191
-6.04663086 0.15014599 -1.84008801 0.151400
-6.05297899 0.15014599 -1.84008801 0.124773
-6.05883789 0.15063500 -1.83959997 0.154086
-6.06616211 0.15063500 -1.83959997 0.161898
-6.07153320 0.15063500 -1.83911097 0.128923
-6.07641602 0.15063500 -1.83862305 0.080095
-6.08374023 0.15112300 -1.83862305 0.047364
-6.09252882 0.15112300 -1.83959997 0.042481
-6.09936523 0.15161100 -1.83911097 0.072770
-6.10522509 0.15161100 -1.83911097 0.118914
-6.11254883 0.15161100 -1.83911097 0.133577
-6.11840820 0.15210000 -1.83862305 0.162387
-6.12475586 0.15210000 -1.83862305 0.156283
-6.13208008 0.15210000 -1.83862305 0.132097
-6.13793898 0.15258799 -1.83862305 0.113054
-6.14477491 0.15258799 -1.83862305 0.130388
-6.15161085 0.15258799 -1.83813500 0.147982
-6.15795898 0.15307599 -1.83813500 0.146517
-6.16479492 0.15307599 -1.83813500 0.125750
-6.17260695 0.15307599 -1.83813500 0.123552
-5.98217821 0.15063500 -1.84057605 0.150668
-5.98901415 0.15063500 -1.84106398 0.139437
-5.99536085 0.15112300 -1.84057605 0.131121
-6.00170898 0.15112300 -1.84057605 0.120867
-6.00854492 0.15112300 -1.84057605 0.137728
-6.01391602 0.15161100 -1.84008801 0.151888
-6.02124023 0.15161100 -1.84057605 0.182406
-6.02661085 0.15161100 -1.84008801 0.182162
-6.03344679 0.15210000 -1.84008801 0.134310
-6.04077101 0.15210000 -1.84008801 0.110857
-6.04614305 0.15210000 -1.84008801 0.121599
-6.05297899 0.15258799 -1.83959997 0.125994
-6.05883789 0.15258799 -1.83959997 0.152377
-6.06567383 0.15258799 -1.83959997 0.172152
-6.07202101 0.15307599 -1.83959997 0.141878
-6.07739305 0.15307599 -1.83911097 0.056153
-6.08520508 0.15307599 -1.83911097 0.039551
-6.09204102 0.15356401 -1.83911097 0.047364
-6.09887695 0.15356401 -1.83911097 0.054200
-6.10717821 0.15356401 -1.83959997 0.085954
-6.11206102 0.15405300 -1.83911097 0.120134
-6.11889601 0.15405300 -1.83911097 0.148226
-6.12524414 0.15405300 -1.83862305 0.144564
-6.13208008 0.15454100 -1.83862305 0.132586
-6.13891602 0.15454100 -1.83862305 0.144808
-6.14526415 0.15454100 -1.83862305 0.165072
-6.15063477 0.15502900 -1.83813500 0.130877
-6.15942383 0.15502900 -1.83862305 0.124041
-6.16577101 0.15502900 -1.83813500 0.140658
-6.17163086 0.15551800 -1.83813500 0.158236
-5.98266602 0.15210000 -1.84106398 0.157015
-5.98999023 0.15210000 -1.84106398 0.138216
-5.99536085 0.15258799 -1.84057605 0.139437
-6.00219679 0.15258799 -1.84057605 0.120623
-6.00854492 0.15258799 -1.84057605 0.154574
-6.01342821 0.15307599 -1.84008801 0.165560
-6.02124023 0.15307599 -1.84057605 0.169955
-6.02758789 0.15307599 -1.84057605 0.166781
-6.03393602 0.15356401 -1.84008801 0.143832
-6.04028320 0.15356401 -1.84008801 0.126726
-6.04663086 0.15356401 -1.84008801 0.109392
-6.05297899 0.15405300 -1.83959997 0.128191
-6.05981398 0.15405300 -1.83959997 0.131609
-6.06664991 0.15405300 -1.83959997 0.184360
-6.07055712 0.15454100 -1.83911097 0.134310
-6.07739305 0.15454100 -1.83911097 0.047608
-6.08618212 0.15454100 -1.83959997 0.037598
-6.09252882 0.15502900 -1.83911097 0.046876
-6.09887695 0.15502900 -1.83911097 0.050782
-6.10620117 0.15502900 -1.83911097 0.067399
-6.11254883 0.15551800 -1.83911097 0.125017
-6.11791992 0.15551800 -1.83862305 0.144808
-6.12573195 0.15600599 -1.83911097 0.137240
-6.13159180 0.15600599 -1.83862305 0.161654
-6.13793898 0.15600599 -1.83862305 0.162631
-6.14477491 0.15649401 -1.83862305 0.152865
-6.15161085 0.15649401 -1.83862305 0.135042
-6.15844679 0.15649401 -1.83813500 0.165805
-6.16479492 0.15698200 -1.83813500 0.169467
-6.17065382 0.15698200 -1.83764601 0.138460
-5.98266602 0.15454100 -1.84106398 0.156283
-5.98950195 0.15454100 -1.84106398 0.125261
-5.99487305 0.15454100 -1.84057605 0.132586
-6.00122118 0.15502900 -1.84057605 0.152621
-6.00854492 0.15502900 -1.84057605 0.137484
-6.01440382 0.15502900 -1.84057605 0.137240
-6.02075195 0.15551800 -1.84057605 0.157015
-6.02758789 0.15551800 -1.84057605 0.166049
-6.03344679 0.15551800 -1.84008801 0.147738
-6.04028320 0.15600599 -1.84008801 0.124773
-6.04663086 0.15600599 -1.84008801 0.133333
-6.05297899 0.15600599 -1.83959997 0.146761
-6.05883789 0.15649401 -1.83959997 0.138705
-6.06616211 0.15649401 -1.83959997 0.139437
-6.07153320 0.15649401 -1.83911097 0.098161
-6.07788086 0.15698200 -1.83911097 0.050782
-6.08618212 0.15698200 -1.83959997 0.038819
-6.09204102 0.15747100 -1.83911097 0.044923
-6.09789991 0.15747100 -1.83911097 0.040772
-6.10571289 0.15747100 -1.83911097 0.041505
-6.11401415 0.15795900 -1.83959997 0.116960
-6.11840820 0.15795900 -1.83911097 0.152377
-6.12573195 0.15795900 -1.83911097 0.134066
-6.13208008 0.15844700 -1.83862305 0.153597
-6.13842821 0.15844700 -1.83862305 0.175570
-6.14526415 0.15844700 -1.83862305 0.134798
-6.15161085 0.15893599 -1.83862305 0.166049
-6.15795898 0.15893599 -1.83813500 0.201465
-6.16430712 0.15893599 -1.83813500 0.168002
-6.17309618 0.15942401 -1.83862305 0.154818
-5.98266602 0.15649401 -1.84106398 0.181186
-5.98901415 0.15649401 -1.84106398 0.161166
-5.99585009 0.15649401 -1.84106398 0.158236
-6.00122118 0.15698200 -1.84057605 0.164340
-6.00756788 0.15698200 -1.84057605 0.135286
-6.01440382 0.15698200 -1.84057605 0.165072
-6.02026415 0.15747100 -1.84008801 0.147005
-6.02758789 0.15747100 -1.84008801 0.150179
-6.03344679 0.15747100 -1.84008801 0.151400
-6.03979492 0.15795900 -1.84008801 0.149935
-6.04663086 0.15795900 -1.84008801 0.131121
-6.05249023 0.15795900 -1.83959997 0.150423
-6.05883789 0.15844700 -1.83959997 0.170687
-6.06567383 0.15844700 -1.83959997 0.162387
-6.07202101 0.15844700 -1.83959997 0.093767
-6.07788086 0.15893599 -1.83911097 0.044678
-6.08569288 0.15893599 -1.83959997 0.041505
-6.09204102 0.15893599 -1.83911097 0.040772
-6.09887695 0.15942401 -1.83911097 0.036866
-6.10473585 0.15942401 -1.83911097 0.033692
-6.11499023 0.15991201 -1.84008801 0.059571
-6.11938477 0.15991201 -1.83911097 0.137972
-6.12426805 0.15991201 -1.83862305 0.156771
-6.13208008 0.16040000 -1.83862305 0.173617
-6.13793898 0.16040000 -1.83862305 0.163363
-6.14526415 0.16040000 -1.83862305 0.126726
-6.15161085 0.16088900 -1.83862305 0.156771
-6.15893602 0.16088900 -1.83862305 0.150179
-6.16479492 0.16088900 -1.83813500 0.152865
-6.17211914 0.16137700 -1.83813500 0.172152
-5.97729492 0.15747100 -1.84155297 0.154574
-5.98168898 0.15795900 -1.84057605 0.144320
-5.98950195 0.15795900 -1.84106398 0.133074
-5.99536085 0.15795900 -1.84106398 0.152621
-6.00170898 0.15844700 -1.84057605 0.147250
-6.00854492 0.15844700 -1.84057605 0.132586
-6.01440382 0.15844700 -1.84057605 0.161410
-6.02026415 0.15893599 -1.84008801 0.153597
-6.02807617 0.15893599 -1.84057605 0.135775
-6.03344679 0.15893599 -1.84008801 0.132097
-6.03979492 0.15942401 -1.84008801 0.137240
-6.04663086 0.15942401 -1.84008801 0.124529
-6.05346680 0.15942401 -1.84008801 0.127703
-6.05883789 0.15991201 -1.83959997 0.137728
-6.06616211 0.15991201 -1.83959997 0.133074
-6.07104492 0.15991201 -1.83911097 0.093523
-6.07788086 0.16040000 -1.83911097 0.049561
-6.08520508 0.16040000 -1.83911097 0.041993
-6.09252882 0.16040000 -1.83959997 0.051026
-6.09985399 0.16088900 -1.83959997 0.046143
-6.10424805 0.16088900 -1.83862305 0.046632
-6.11450195 0.16137700 -1.83959997 0.058595
-6.11938477 0.16137700 -1.83911097 0.129412
-6.12524414 0.16137700 -1.83862305 0.150668
-6.13208008 0.16186500 -1.83862305 0.175570
-6.13842821 0.16186500 -1.83862305 0.159213
-6.14526415 0.16186500 -1.83862305 0.142367
-6.15161085 0.16235401 -1.83862305 0.161410
-6.15747118 0.16235401 -1.83813500 0.157259
-6.16528320 0.16235401 -1.83813500 0.142123
-5.97631788 0.15942401 -1.84106398 0.139193
-5.98266602 0.15942401 -1.84106398 0.126970
-5.98901415 0.15942401 -1.84106398 0.154574
-5.99585009 0.15991201 -1.84106398 0.159701
-6.00122118 0.15991201 -1.84057605 0.144076
-6.00805712 0.15991201 -1.84057605 0.130144
-6.01538086 0.16040000 -1.84057605 0.142367
-6.02075195 0.16040000 -1.84057605 0.171420
-6.02710009 0.16040000 -1.84008801 0.125261
-6.03393602 0.16088900 -1.84008801 0.120623
-6.04028320 0.16088900 -1.84008801 0.109880
-6.04614305 0.16088900 -1.83959997 0.135531
-6.05249023 0.16137700 -1.83959997 0.164584
-6.05932617 0.16137700 -1.83959997 0.148714
-6.06616211 0.16186500 -1.83959997 0.120623
-6.07202101 0.16186500 -1.83959997 0.074235
-6.07934618 0.16186500 -1.83959997 0.052003
-6.08569288 0.16235401 -1.83959997 0.039796
-6.09204102 0.16235401 -1.83911097 0.039796
-6.09936523 0.16235401 -1.83959997 0.037598
-6.10473585 0.16284201 -1.83911097 0.039551
-6.11206102 0.16284201 -1.83911097 0.049317
-6.11987305 0.16333000 -1.83959997 0.101823
-6.12573195 0.16333000 -1.83911097 0.138705
-6.13159180 0.16333000 -1.83862305 0.151400
-6.13842821 0.16381800 -1.83862305 0.160433
-6.14428711 0.16381800 -1.83862305 0.133822
-6.15210009 0.16381800 -1.83862305 0.124773
-6.15893602 0.16430700 -1.83862305 0.141878
-6.16479492 0.16430700 -1.83813500 0.151156
-5.97631788 0.16186500 -1.84106398 0.147005
-5.98266602 0.16186500 -1.84106398 0.157259
-5.98901415 0.16235401 -1.84106398 0.157259
-5.99487305 0.16235401 -1.84057605 0.149691
-6.00170898 0.16235401 -1.84106398 0.146029
-6.00708008 0.16284201 -1.84057605 0.148959
-6.01440382 0.16284201 -1.84057605 0.135286
-6.02026415 0.16284201 -1.84008801 0.142855
-6.02661085 0.16333000 -1.84008801 0.130388
-6.03393602 0.16333000 -1.84057605 0.119646
-6.03930712 0.16333000 -1.84008801 0.143343
-6.04614305 0.16381800 -1.84008801 0.141634
-6.05249023 0.16381800 -1.84008801 0.126726
-6.05932617 0.16430700 -1.83959997 0.145296
-6.06518602 0.16430700 -1.83959997 0.107927
-6.07153320 0.16430700 -1.83959997 0.059083
-6.07885695 0.16479500 -1.83959997 0.050782
-6.08569288 0.16479500 -1.83959997 0.045899
-6.09204102 0.16479500 -1.83911097 0.041749
-6.09789991 0.16528299 -1.83911097 0.043214
-6.10571289 0.16528299 -1.83959997 0.038331
-6.11254883 0.16528299 -1.83911097 0.040284
-6.11889601 0.16577099 -1.83911097 0.060792
-6.12670898 0.16577099 -1.83911097 0.109636
-6.13256788 0.16626000 -1.83911097 0.144808
-6.13891602 0.16626000 -1.83862305 0.149447
-6.14526415 0.16626000 -1.83862305 0.133822
-6.15210009 0.16674800 -1.83862305 0.119402
-6.15795898 0.16674800 -1.83813500 0.147250
-6.16479492 0.16674800 -1.83813500 0.145785
-5.97631788 0.16333000 -1.84106398 0.168734
-5.98266602 0.16333000 -1.84106398 0.146273
-5.98852491 0.16381800 -1.84106398 0.160433
-5.99536085 0.16381800 -1.84057605 0.132586
-6.00170898 0.16381800 -1.84057605 0.130877
-6.00805712 0.16430700 -1.84057605 0.150668
-6.01489305 0.16430700 -1.84057605 0.143832
-6.02075195 0.16479500 -1.84057605 0.143099
-6.02758789 0.16479500 -1.84057605 0.146273
-6.03295898 0.16479500 -1.84008801 0.136263
-6.04028320 0.16528299 -1.84008801 0.129656
-6.04614305 0.16528299 -1.84008801 0.168002
-6.05249023 0.16528299 -1.83959997 0.144564
-6.05932617 0.16577099 -1.84008801 0.151400
-6.06518602 0.16577099 -1.83959997 0.113787
-6.07202101 0.16577099 -1.83959997 0.056886
-6.07836914 0.16626000 -1.83959997 0.044190
-6.08520508 0.16626000 -1.83911097 0.040528
-6.09204102 0.16674800 -1.83911097 0.046876
-6.09838915 0.16674800 -1.83911097 0.046632
-6.10522509 0.16674800 -1.83911097 0.038331
-6.11254883 0.16723600 -1.83959997 0.035157
-6.11938477 0.16723600 -1.83911097 0.048096
-6.12524414 0.16723600 -1.83911097 0.085466
-6.13110399 0.16772500 -1.83862305 0.145541
-6.13842821 0.16772500 -1.83862305 0.141146
-6.14575195 0.16821299 -1.83911097 0.138705
-6.15210009 0.16821299 -1.83862305 0.143832
-6.15893602 0.16821299 -1.83862305 0.152132
-6.16479492 0.16870099 -1.83813500 0.149447
-5.97045898 0.16528299 -1.84155297 0.143832
-5.97631788 0.16528299 -1.84106398 0.173617
-5.98217821 0.16528299 -1.84106398 0.141390
-5.98901415 0.16577099 -1.84106398 0.140169
-5.99585009 0.16577099 -1.84106398 0.159457
-6.00122118 0.16577099 -1.84057605 0.189731
-6.00756788 0.16626000 -1.84057605 0.178256
-6.01440382 0.16626000 -1.84057605 0.143099
-6.02124023 0.16674800 -1.84057605 0.124285
-6.02758789 0.16674800 -1.84057605 0.132586
-6.03295898 0.16674800 -1.84008801 0.133333
-6.04077101 0.16723600 -1.84057605 0.137484
-6.04614305 0.16723600 -1.84008801 0.163851
-6.05297899 0.16723600 -1.84008801 0.140658
-6.05932617 0.16772500 -1.84008801 0.146761
-6.06372118 0.16772500 -1.83911097 0.109148
-6.07348585 0.16821299 -1.84008801 0.050782
-6.07836914 0.16821299 -1.83959997 0.040040
-6.08520508 0.16821299 -1.83959997 0.043214
-6.09252882 0.16870099 -1.83959997 0.046143
-6.09887695 0.16870099 -1.83959997 0.043214
-6.10571289 0.16870099 -1.83911097 0.044678
-6.11206102 0.16918901 -1.83911097 0.044434
-6.11889601 0.16918901 -1.83911097 0.043458
-6.12622118 0.16967800 -1.83911097 0.054444
-6.13208008 0.16967800 -1.83911097 0.109392
-6.13842821 0.16967800 -1.83862305 0.126482
-6.14575195 0.17016600 -1.83862305 0.135775
-6.15161085 0.17016600 -1.83862305 0.154574
-6.15844679 0.17016600 -1.83862305 0.147982
-6.16577101 0.17065400 -1.83862305 0.145541
-5.96997118 0.16674800 -1.84155297 0.150423
-5.97534180 0.16674800 -1.84106398 0.162387
-5.98266602 0.16723600 -1.84106398 0.148714
-5.98901415 0.16723600 -1.84106398 0.137484
-5.99536085 0.16772500 -1.84106398 0.144564
-6.00170898 0.16772500 -1.84057605 0.149447
-6.00805712 0.16772500 -1.84057605 0.206104
-6.01342821 0.16821299 -1.84008801 0.179232
-6.02026415 0.16821299 -1.84057605 0.160433
-6.02710009 0.16821299 -1.84057605 0.142611
-6.03247118 0.16870099 -1.84008801 0.155795
-6.04028320 0.16870099 -1.84008801 0.160433
-6.04516602 0.16870099 -1.83959997 0.124285
-6.05249023 0.16918901 -1.83959997 0.123308
-6.05981398 0.16918901 -1.84008801 0.126726
-6.06469679 0.16967800 -1.83959997 0.085710
-6.07202101 0.16967800 -1.83959997 0.055177
-6.07836914 0.16967800 -1.83959997 0.046632
-6.08569288 0.17016600 -1.83959997 0.045411
-6.09204102 0.17016600 -1.83911097 0.046876
-6.09887695 0.17065400 -1.83911097 0.038331
-6.10522509 0.17065400 -1.83911097 0.041260
-6.11206102 0.17065400 -1.83911097 0.042725
-6.11840820 0.17114300 -1.83911097 0.033692
-6.12573195 0.17114300 -1.83911097 0.046876
-6.13256788 0.17163099 -1.83911097 0.088884
-6.13940382 0.17163099 -1.83911097 0.110124
-6.14477491 0.17163099 -1.83862305 0.143832
-6.15210009 0.17211901 -1.83862305 0.139193
-6.15893602 0.17211901 -1.83862305 0.142123
-6.16577101 0.17211901 -1.83862305 0.132830
-5.97680712 0.16918901 -1.84155297 0.193637
-5.98217821 0.16918901 -1.84106398 0.196811
-5.98901415 0.16967800 -1.84106398 0.157504
-5.99438477 0.16967800 -1.84057605 0.127459
-6.00170898 0.17016600 -1.84106398 0.125017
-6.00854492 0.17016600 -1.84106398 0.148226
-6.01440382 0.17016600 -1.84057605 0.142367
-6.02026415 0.17065400 -1.84057605 0.176547
-6.02710009 0.17065400 -1.84008801 0.147494
-6.03393602 0.17065400 -1.84057605 0.155306
-6.03979492 0.17114300 -1.84008801 0.132830
-6.04663086 0.17114300 -1.84008801 0.117449
-6.05249023 0.17114300 -1.83959997 0.128191
-6.05981398 0.17163099 -1.84008801 0.107439
-6.06518602 0.17163099 -1.83959997 0.067643
-6.07202101 0.17211901 -1.83959997 0.059083
-6.07885695 0.17211901 -1.83959997 0.045899
-6.08569288 0.17211901 -1.83959997 0.039307
-6.09204102 0.17260700 -1.83959997 0.041749
-6.09838915 0.17260700 -1.83911097 0.043946
-6.10571289 0.17309600 -1.83911097 0.052979
-6.11206102 0.17309600 -1.83911097 0.046632
-6.11889601 0.17309600 -1.83911097 0.033936
-6.12524414 0.17358400 -1.83911097 0.037354
-6.13159180 0.17358400 -1.83862305 0.060792
-6.13842821 0.17358400 -1.83862305 0.108659
-6.14526415 0.17407200 -1.83862305 0.156527
-6.15112305 0.17407200 -1.83862305 0.149691
-6.15942383 0.17456099 -1.83862305 0.132342
-5.97631788 0.17114300 -1.84106398 0.202197
-5.98168898 0.17114300 -1.84106398 0.173129
-5.98901415 0.17163099 -1.84106398 0.153597
-5.99536085 0.17163099 -1.84106398 0.157259
-6.00122118 0.17211901 -1.84057605 0.128923
-6.00659180 0.17211901 -1.84008801 0.127947
-6.01440382 0.17211901 -1.84057605 0.126726
-6.02026415 0.17260700 -1.84057605 0.162387
-6.02758789 0.17260700 -1.84057605 0.137240
-6.03295898 0.17260700 -1.84008801 0.171176
-6.03979492 0.17309600 -1.84008801 0.155550
-6.04614305 0.17309600 -1.84008801 0.142123
-6.05249023 0.17358400 -1.84008801 0.138949
-6.05835009 0.17358400 -1.83959997 0.110369
-6.06567383 0.17358400 -1.83959997 0.061280
-6.07202101 0.17407200 -1.83959997 0.050538
-6.07836914 0.17407200 -1.83959997 0.051759
-6.08471680 0.17407200 -1.83911097 0.047852
-6.09204102 0.17456099 -1.83959997 0.043214
-6.09838915 0.17456099 -1.83911097 0.047608
-6.10620117 0.17504901 -1.83959997 0.044678
-6.11206102 0.17504901 -1.83911097 0.045899
-6.11889601 0.17553701 -1.83911097 0.034913
-6.12524414 0.17553701 -1.83911097 0.036866
-6.13208008 0.17553701 -1.83911097 0.052003
-6.13940382 0.17602500 -1.83911097 0.099626
-6.14526415 0.17602500 -1.83862305 0.150423
-6.15210009 0.17602500 -1.83862305 0.147738
-6.15844679 0.17651400 -1.83862305 0.125750
-5.98266602 0.17309600 -1.84106398 0.153353
-5.98901415 0.17309600 -1.84106398 0.153109
-5.99536085 0.17358400 -1.84106398 0.149447
-6.00122118 0.17358400 -1.84057605 0.142367
-6.00854492 0.17358400 -1.84057605 0.125505
-6.01440382 0.17407200 -1.84057605 0.130144
-6.01977491 0.17407200 -1.84008801 0.163607
-6.02661085 0.17456099 -1.84008801 0.133074
-6.03295898 0.17456099 -1.84008801 0.145296
-6.03930712 0.17456099 -1.84008801 0.137484
-6.04565382 0.17504901 -1.84008801 0.125017
-6.05297899 0.17504901 -1.84008801 0.116716
-6.05883789 0.17504901 -1.83959997 0.098650
-6.06420898 0.17553701 -1.83911097 0.057618
-6.07202101 0.17553701 -1.83959997 0.060060
-6.07836914 0.17602500 -1.83959997 0.055909
-6.08569288 0.17602500 -1.83959997 0.046143
-6.09155321 0.17602500 -1.83911097 0.036378
-6.09838915 0.17651400 -1.83911097 0.052003
-6.10571289 0.17651400 -1.83959997 0.052979
-6.11157179 0.17700200 -1.83911097 0.044923
-6.11840820 0.17700200 -1.83911097 0.044923
-6.12524414 0.17700200 -1.83911097 0.051026
-6.13208008 0.17749000 -1.83911097 0.051514
-6.13842821 0.17749000 -1.83862305 0.089616
-6.14526415 0.17797901 -1.83862305 0.114031
-6.15161085 0.17797901 -1.83862305 0.132830
-6.15844679 0.17797901 -1.83862305 0.123796
-5.98217821 0.17456099 -1.84106398 0.158724
-5.98852491 0.17456099 -1.84106398 0.141146
-5.99487305 0.17456099 -1.84057605 0.158968
-6.00170898 0.17504901 -1.84106398 0.144564
-6.00756788 0.17504901 -1.84057605 0.146273
-6.01391602 0.17553701 -1.84057605 0.159701
-6.02026415 0.17553701 -1.84057605 0.151644
-6.02710009 0.17553701 -1.84057605 0.140414
-6.03344679 0.17602500 -1.84008801 0.156283
-6.03930712 0.17602500 -1.84008801 0.142123
-6.04516602 0.17602500 -1.83959997 0.121843
-6.05297899 0.17651400 -1.84008801 0.130388
-6.05835009 0.17651400 -1.83959997 0.097673
-6.06567383 0.17700200 -1.83959997 0.053468
-6.07250977 0.17700200 -1.83959997 0.055909
-6.07885695 0.17749000 -1.83959997 0.051026
-6.08471680 0.17749000 -1.83911097 0.039796
-6.09106398 0.17749000 -1.83911097 0.036378
-6.09838915 0.17797901 -1.83911097 0.050782
-6.10473585 0.17797901 -1.83911097 0.062257
-6.11157179 0.17797901 -1.83911097 0.044434
-6.11889601 0.17846701 -1.83911097 0.045655
-6.12524414 0.17846701 -1.83911097 0.040528
-6.13208008 0.17895500 -1.83911097 0.049805
-6.13842821 0.17895500 -1.83862305 0.068864
-6.14624023 0.17944300 -1.83911097 0.111101
-6.15161085 0.17944300 -1.83862305 0.128435
-6.15942383 0.17944300 -1.83862305 0.121355
-5.98852491 0.17700200 -1.84106398 0.162387
-5.99487305 0.17700200 -1.84057605 0.159701
-6.00122118 0.17700200 -1.84057605 0.151400
-6.00756788 0.17749000 -1.84057605 0.147005
-6.01489305 0.17749000 -1.84057605 0.160922
-6.01977491 0.17797901 -1.84008801 0.148226
-6.02710009 0.17797901 -1.84057605 0.142855
-6.03295898 0.17797901 -1.84008801 0.146761
-6.03979492 0.17846701 -1.84008801 0.142123
-6.04614305 0.17846701 -1.84008801 0.154086
-6.05297899 0.17895500 -1.84008801 0.138460
-6.05883789 0.17895500 -1.83959997 0.092546
-6.06567383 0.17895500 -1.83959997 0.043458
-6.07202101 0.17944300 -1.83959997 0.049317
-6.07836914 0.17944300 -1.83959997 0.042725
-6.08422899 0.17993200 -1.83911097 0.032715
-6.09301805 0.17993200 -1.83959997 0.031006
-6.09887695 0.17993200 -1.83959997 0.042725
-6.10473585 0.18042000 -1.83911097 0.062257
-6.11157179 0.18042000 -1.83911097 0.045655
-6.11889601 0.18090799 -1.83911097 0.039551
-6.12573195 0.18090799 -1.83911097 0.041993
-6.13256788 0.18139599 -1.83911097 0.049561
-6.13842821 0.18139599 -1.83862305 0.057374
-6.14721680 0.18139599 -1.83911097 0.084733
-6.15112305 0.18188500 -1.83862305 0.128679
-6.15844679 0.18188500 -1.83862305 0.136995
-5.98803711 0.17846701 -1.84106398 0.150179
-5.99536085 0.17895500 -1.84106398 0.168002
-6.00122118 0.17895500 -1.84057605 0.166293
-6.00756788 0.17944300 -1.84057605 0.170687
-6.01391602 0.17944300 -1.84057605 0.159457
-6.01977491 0.17944300 -1.84008801 0.168734
-6.02661085 0.17993200 -1.84008801 0.158968
-6.03344679 0.17993200 -1.84008801 0.150668
-6.03930712 0.18042000 -1.84008801 0.149203
-6.04516602 0.18042000 -1.83959997 0.137240
-6.05297899 0.18042000 -1.84008801 0.097673
-6.05688477 0.18090799 -1.83911097 0.063966
-6.06567383 0.18090799 -1.83959997 0.041016
-6.07202101 0.18139599 -1.83959997 0.047852
-6.07836914 0.18139599 -1.83959997 0.048829
-6.08471680 0.18139599 -1.83959997 0.038331
-6.09204102 0.18188500 -1.83959997 0.034913
-6.09887695 0.18188500 -1.83959997 0.034913
-6.10473585 0.18237300 -1.83911097 0.048096
-6.11059618 0.18237300 -1.83862305 0.048585
-6.11889601 0.18237300 -1.83911097 0.034668
-6.12573195 0.18286100 -1.83911097 0.038087
-6.13208008 0.18286100 -1.83911097 0.041993
-6.13842821 0.18335000 -1.83862305 0.043702
-6.14526415 0.18335000 -1.83862305 0.069596
-6.15161085 0.18335000 -1.83862305 0.099382
-5.99438477 0.18090799 -1.84057605 0.150668
-6.00170898 0.18090799 -1.84106398 0.137484
-6.00708008 0.18139599 -1.84057605 0.133577
-6.01440382 0.18139599 -1.84057605 0.127214
-6.02075195 0.18139599 -1.84057605 0.178988
-6.02661085 0.18188500 -1.84008801 0.195102
-6.03295898 0.18188500 -1.84008801 0.181430
-6.03881788 0.18237300 -1.84008801 0.142367
-6.04565382 0.18237300 -1.84008801 0.126482
-6.05249023 0.18237300 -1.84008801 0.123308
-6.05883789 0.18286100 -1.84008801 0.056397
-6.06567383 0.18286100 -1.83959997 0.041505
-6.07153320 0.18335000 -1.83959997 0.043458
-6.07885695 0.18335000 -1.83959997 0.044434
-6.08520508 0.18335000 -1.83959997 0.046876
-6.09155321 0.18383799 -1.83911097 0.039551
-6.09887695 0.18383799 -1.83959997 0.049073
-6.10473585 0.18432599 -1.83911097 0.053223
-6.11157179 0.18432599 -1.83911097 0.048341
-6.11889601 0.18432599 -1.83911097 0.036378
-6.12524414 0.18481401 -1.83911097 0.034180
-6.13159180 0.18481401 -1.83862305 0.033692
-6.13842821 0.18530300 -1.83862305 0.036622
-6.14575195 0.18530300 -1.83911097 0.055421
-6.15161085 0.18579100 -1.83862305 0.085710
-5.99487305 0.18237300 -1.84106398 0.139681
-6.00122118 0.18286100 -1.84057605 0.132097
-6.00805712 0.18286100 -1.84106398 0.133333
-6.01293898 0.18286100 -1.84008801 0.155062
-6.02075195 0.18335000 -1.84057605 0.165560
-6.02661085 0.18335000 -1.84008801 0.162142
-6.03198195 0.18383799 -1.84008801 0.141146
-6.03930712 0.18383799 -1.84008801 0.139437
-6.04614305 0.18383799 -1.84008801 0.166781
-6.05151415 0.18432599 -1.83959997 0.146273
-6.05883789 0.18432599 -1.83959997 0.053712
-6.06567383 0.18481401 -1.83959997 0.041505
-6.07202101 0.18481401 -1.83959997 0.042237
-6.07934618 0.18530300 -1.83959997 0.044678
-6.08520508 0.18530300 -1.83959997 0.038819
-6.09155321 0.18530300 -1.83911097 0.034913
-6.09887695 0.18579100 -1.83959997 0.041260
-6.10522509 0.18579100 -1.83959997 0.041505
-6.11254883 0.18627900 -1.83959997 0.037598
-6.11840820 0.18627900 -1.83911097 0.036866
-6.12524414 0.18627900 -1.83911097 0.031006
-6.13159180 0.18676800 -1.83911097 0.035401
-6.13891602 0.18676800 -1.83911097 0.043458
-6.14575195 0.18725599 -1.83911097 0.049561
-6.15307617 0.18725599 -1.83911097 0.068864
-6.00073195 0.18481401 -1.84057605 0.134554
-6.00756788 0.18481401 -1.84057605 0.142855
-6.01342821 0.18481401 -1.84057605 0.153841
-6.02075195 0.18530300 -1.84057605 0.137240
-6.02710009 0.18530300 -1.84057605 0.136263
-6.03247118 0.18579100 -1.84008801 0.146029
-6.03979492 0.18579100 -1.84008801 0.158236
-6.04565382 0.18627900 -1.84008801 0.171420
-6.05200195 0.18627900 -1.83959997 0.125261
-6.05639601 0.18627900 -1.83911097 0.054932
-6.06567383 0.18676800 -1.83959997 0.041260
-6.07055712 0.18676800 -1.83911097 0.051270
-6.07836914 0.18725599 -1.83959997 0.052979
-6.08422899 0.18725599 -1.83911097 0.046876
-6.09155321 0.18725599 -1.83959997 0.037598
-6.09887695 0.18774401 -1.83959997 0.039307
-6.10473585 0.18774401 -1.83911097 0.044678
-6.11157179 0.18823200 -1.83911097 0.038331
-6.11889601 0.18823200 -1.83911097 0.036622
-6.12524414 0.18872100 -1.83911097 0.037354
-6.13208008 0.18872100 -1.83911097 0.039551
-6.13891602 0.18872100 -1.83911097 0.043214
-6.14526415 0.18920900 -1.83862305 0.044678
-6.15210009 0.18920900 -1.83862305 0.052735
-6.00122118 0.18627900 -1.84057605 0.125017
-6.00756788 0.18676800 -1.84057605 0.168490
-6.01293898 0.18676800 -1.84057605 0.156527
-6.02026415 0.18725599 -1.84057605 0.142367
-6.02514601 0.18725599 -1.84008801 0.153353
-6.03247118 0.18725599 -1.84008801 0.185580
-6.03881788 0.18774401 -1.84008801 0.197299
-6.04565382 0.18774401 -1.84008801 0.180453
-6.05151415 0.18823200 -1.83959997 0.111833
-6.05737305 0.18823200 -1.83959997 0.052003
-6.06567383 0.18823200 -1.83959997 0.041260
-6.07202101 0.18872100 -1.83959997 0.038819
-6.07788086 0.18872100 -1.83959997 0.041260
-6.08422899 0.18920900 -1.83911097 0.050538
-6.09204102 0.18920900 -1.83959997 0.048096
-6.09887695 0.18969700 -1.83959997 0.052003
-6.10473585 0.18969700 -1.83911097 0.053468
-6.11059618 0.18969700 -1.83911097 0.042481
-6.11889601 0.19018599 -1.83911097 0.039063
-6.12524414 0.19018599 -1.83911097 0.050538
-6.13110399 0.19067401 -1.83862305 0.038575
-6.13891602 0.19067401 -1.83911097 0.036866
-6.14526415 0.19116201 -1.83862305 0.036622
-6.15112305 0.19116201 -1.83862305 0.045899
-6.00708008 0.18872100 -1.84057605 0.165805
-6.01440382 0.18920900 -1.84057605 0.159213
-6.02026415 0.18920900 -1.84057605 0.133822
-6.02661085 0.18969700 -1.84057605 0.124041
-6.03295898 0.18969700 -1.84008801 0.155550
-6.03930712 0.18969700 -1.84008801 0.163607
-6.04565382 0.19018599 -1.84008801 0.164584
-6.05151415 0.19018599 -1.83959997 0.078141
-6.05835009 0.19067401 -1.83959997 0.050538
-6.06469679 0.19067401 -1.83959997 0.041749
-6.07153320 0.19067401 -1.83959997 0.036378
-6.07788086 0.19116201 -1.83959997 0.042725
-6.08471680 0.19116201 -1.83959997 0.049073
-6.09155321 0.19165000 -1.83959997 0.048829
-6.09838915 0.19165000 -1.83959997 0.046632
-6.10473585 0.19213900 -1.83911097 0.044190
-6.11157179 0.19213900 -1.83911097 0.043214
-6.11889601 0.19213900 -1.83911097 0.042481
-6.12475586 0.19262700 -1.83911097 0.043702
-6.13208008 0.19262700 -1.83911097 0.040772
-6.13842821 0.19311500 -1.83911097 0.041993
-6.14575195 0.19311500 -1.83911097 0.046876
-6.15210009 0.19360401 -1.83911097 0.049561
-6.01342821 0.19067401 -1.84057605 0.155062
-6.01928711 0.19067401 -1.84008801 0.137728
-6.02612305 0.19116201 -1.84008801 0.131121
-6.03247118 0.19116201 -1.84008801 0.170199
-6.03881788 0.19165000 -1.84008801 0.149691
-6.04516602 0.19165000 -1.83959997 0.120378
-6.05102491 0.19213900 -1.83959997 0.063966
-6.05883789 0.19213900 -1.83959997 0.051026
-6.06469679 0.19262700 -1.83959997 0.044190
-6.07104492 0.19262700 -1.83911097 0.046387
-6.07788086 0.19262700 -1.83959997 0.039796
-6.08471680 0.19311500 -1.83911097 0.041505
-6.09106398 0.19311500 -1.83911097 0.042725
-6.09741211 0.19360401 -1.83911097 0.043214
-6.10424805 0.19360401 -1.83911097 0.043458
-6.11206102 0.19409201 -1.83911097 0.042237
-6.11840820 0.19409201 -1.83911097 0.040040
-6.12524414 0.19409201 -1.83911097 0.044434
-6.13208008 0.19458000 -1.83911097 0.041993
-6.13842821 0.19458000 -1.83911097 0.044434
-6.14477491 0.19506800 -1.83862305 0.057130
-6.15210009 0.19506800 -1.83862305 0.059327
-6.01293898 0.19262700 -1.84008801 0.158236
-6.02026415 0.19262700 -1.84057605 0.133333
-6.02661085 0.19311500 -1.84057605 0.132342
-6.03247118 0.19311500 -1.84008801 0.158480
-6.03881788 0.19360401 -1.84008801 0.144320
-6.04565382 0.19360401 -1.84008801 0.104509
-6.05102491 0.19360401 -1.83959997 0.059083
-6.05883789 0.19409201 -1.83959997 0.048096
-6.06420898 0.19409201 -1.83959997 0.046876
-6.07202101 0.19458000 -1.83959997 0.046387
-6.07836914 0.19458000 -1.83959997 0.048585
-6.08471680 0.19506800 -1.83959997 0.045655
-6.09106398 0.19506800 -1.83911097 0.055909
-6.09789991 0.19555700 -1.83911097 0.040528
-6.10473585 0.19555700 -1.83911097 0.042725
-6.11108398 0.19555700 -1.83911097 0.042237
-6.11840820 0.19604500 -1.83911097 0.043214
-6.12475586 0.19604500 -1.83911097 0.044190
-6.13159180 0.19653299 -1.83911097 0.040772
-6.13891602 0.19653299 -1.83911097 0.046632
-6.14575195 0.19702099 -1.83911097 0.055177
-6.01977491 0.19458000 -1.84057605 0.159945
-6.02612305 0.19506800 -1.84008801 0.159701
-6.03247118 0.19506800 -1.84008801 0.185580
-6.03881788 0.19555700 -1.84008801 0.168002
-6.04565382 0.19555700 -1.84008801 0.108415
-6.05151415 0.19555700 -1.83959997 0.063233
-6.05883789 0.19604500 -1.83959997 0.044678
-6.06469679 0.19604500 -1.83959997 0.044923
-6.07153320 0.19653299 -1.83959997 0.049317
-6.07788086 0.19653299 -1.83959997 0.046143
-6.08422899 0.19702099 -1.83911097 0.043702
-6.09155321 0.19702099 -1.83959997 0.052003
-6.09838915 0.19702099 -1.83959997 0.044678
-6.10473585 0.19751000 -1.83911097 0.043702
-6.11157179 0.19751000 -1.83911097 0.042237
-6.11791992 0.19799800 -1.83911097 0.044434
-6.12524414 0.19799800 -1.83911097 0.042481
-6.13208008 0.19848600 -1.83911097 0.038575
-6.13891602 0.19848600 -1.83911097 0.041749
-6.14428711 0.19897500 -1.83862305 0.041016
-6.01928711 0.19653299 -1.84008801 0.176303
-6.02661085 0.19702099 -1.84057605 0.156771
-6.03198195 0.19702099 -1.84008801 0.129900
-6.03930712 0.19702099 -1.84008801 0.133577
-6.04467821 0.19751000 -1.83959997 0.105730
-6.05151415 0.19751000 -1.83959997 0.057130
-6.05883789 0.19799800 -1.84008801 0.046387
-6.06518602 0.19799800 -1.83959997 0.043214
-6.07153320 0.19848600 -1.83959997 0.044434
-6.07739305 0.19848600 -1.83911097 0.048096
-6.08374023 0.19848600 -1.83911097 0.042481
-6.09252882 0.19897500 -1.83959997 0.045411
-6.09838915 0.19897500 -1.83959997 0.047852
-6.10424805 0.19946299 -1.83911097 0.043214
-6.11108398 0.19946299 -1.83911097 0.035401
-6.11791992 0.19995099 -1.83911097 0.041505
-6.12475586 0.19995099 -1.83911097 0.040040
-6.13159180 0.20043901 -1.83911097 0.043702
-6.13793898 0.20043901 -1.83862305 0.036622
-6.14477491 0.20092800 -1.83862305 0.036622
-6.02612305 0.19897500 -1.84008801 0.155550
-6.03198195 0.19897500 -1.84008801 0.133822
-6.03930712 0.19897500 -1.84008801 0.124041
-6.04370117 0.19946299 -1.83959997 0.081559
-6.05151415 0.19946299 -1.83959997 0.053223
-6.05835009 0.19995099 -1.83959997 0.042725
-6.06469679 0.19995099 -1.83959997 0.044190
-6.07153320 0.20043901 -1.83959997 0.046143
-6.07885695 0.20043901 -1.83959997 0.043702
-6.08471680 0.20092800 -1.83959997 0.045411
-6.09106398 0.20092800 -1.83911097 0.044190
-6.09789991 0.20092800 -1.83911097 0.042725
-6.10473585 0.20141600 -1.83911097 0.040772
-6.11108398 0.20141600 -1.83911097 0.041260
-6.11743212 0.20190400 -1.83911097 0.035401
-6.12475586 0.20190400 -1.83911097 0.048096
-6.13208008 0.20239300 -1.83911097 0.057618
-6.13793898 0.20239300 -1.83862305 0.049561
-6.14477491 0.20288099 -1.83862305 0.041505
-6.02514601 0.20043901 -1.84008801 0.134798
-6.03247118 0.20092800 -1.84008801 0.129656
-6.03930712 0.20092800 -1.84008801 0.132097
-6.04418898 0.20141600 -1.83959997 0.071550
-6.05151415 0.20141600 -1.83959997 0.046876
-6.05835009 0.20190400 -1.83959997 0.038575
-6.06420898 0.20190400 -1.83959997 0.049317
-6.07055712 0.20190400 -1.83959997 0.061036
-6.07788086 0.20239300 -1.83959997 0.057130
-6.08471680 0.20239300 -1.83959997 0.046143
-6.09057617 0.20288099 -1.83911097 0.046143
-6.09741211 0.20288099 -1.83911097 0.046143
-6.10424805 0.20336901 -1.83911097 0.042725
-6.11157179 0.20336901 -1.83911097 0.043214
-6.11791992 0.20385700 -1.83911097 0.041016
-6.12475586 0.20385700 -1.83911097 0.055177
-6.13061523 0.20434600 -1.83862305 0.057618
-6.13842821 0.20434600 -1.83911097 0.042969
-6.14477491 0.20483400 -1.83911097 0.046387
-6.03247118 0.20288099 -1.84008801 0.148226
-6.03735399 0.20288099 -1.83959997 0.128679
-6.04516602 0.20288099 -1.84008801 0.060548
-6.05249023 0.20336901 -1.84008801 0.055909
-6.05737305 0.20336901 -1.83959997 0.053712
-6.06420898 0.20385700 -1.83959997 0.047852
-6.07153320 0.20385700 -1.83959997 0.059815
-6.07739305 0.20434600 -1.83959997 0.052735
-6.08471680 0.20434600 -1.83959997 0.039796
-6.09106398 0.20483400 -1.83911097 0.043214
-6.09741211 0.20483400 -1.83911097 0.044434
-6.10522509 0.20532200 -1.83959997 0.041505
-6.11010695 0.20532200 -1.83911097 0.046876
-6.11791992 0.20532200 -1.83911097 0.048829
-6.12377882 0.20581099 -1.83862305 0.050050
-6.13159180 0.20581099 -1.83911097 0.050294
-6.13745117 0.20629901 -1.83862305 0.043458
-6.03295898 0.20434600 -1.84008801 0.172641
-6.03784180 0.20483400 -1.83959997 0.132097
-6.04467821 0.20483400 -1.84008801 0.054200
-6.05102491 0.20532200 -1.83959997 0.052247
-6.05835009 0.20532200 -1.84008801 0.054200
-6.06372118 0.20532200 -1.83959997 0.045411
-6.07153320 0.20581099 -1.83959997 0.045899
-6.07690382 0.20581099 -1.83911097 0.045655
-6.08520508 0.20629901 -1.83959997 0.044923
-6.09155321 0.20629901 -1.83959997 0.041260
-6.09838915 0.20678701 -1.83959997 0.046143
-6.10473585 0.20678701 -1.83911097 0.046143
-6.11059618 0.20727500 -1.83911097 0.041993
-6.11743212 0.20727500 -1.83911097 0.042481
-6.12475586 0.20776400 -1.83911097 0.036866
-6.13110399 0.20776400 -1.83911097 0.053712
-6.13793898 0.20825200 -1.83911097 0.054200
-6.03784180 0.20678701 -1.83959997 0.111833
-6.04370117 0.20678701 -1.83959997 0.051026
-6.05297899 0.20727500 -1.84008801 0.057618
-6.05737305 0.20727500 -1.83959997 0.062745
-6.06469679 0.20776400 -1.83959997 0.049317
-6.07104492 0.20776400 -1.83959997 0.040528
-6.07788086 0.20825200 -1.83959997 0.036622
-6.08471680 0.20825200 -1.83959997 0.046632
-6.09106398 0.20825200 -1.83959997 0.052491
-6.09838915 0.20874000 -1.83959997 0.054200
-6.10424805 0.20874000 -1.83911097 0.048096
-6.11108398 0.20922901 -1.83911097 0.045167
-6.11743212 0.20922901 -1.83911097 0.042969
-6.12475586 0.20971701 -1.83911097 0.039796
-6.13159180 0.20971701 -1.83911097 0.041749
-6.13793898 0.21020500 -1.83911097 0.047364
-6.04467821 0.20874000 -1.84008801 0.046876
-6.05102491 0.20874000 -1.83959997 0.050782
-6.05883789 0.20922901 -1.84008801 0.054932
-6.06469679 0.20922901 -1.83959997 0.049805
-6.07153320 0.20971701 -1.83959997 0.042237
-6.07788086 0.20971701 -1.83959997 0.043946
-6.08520508 0.21020500 -1.83959997 0.045655
-6.09057617 0.21020500 -1.83959997 0.042481
-6.09789991 0.21069300 -1.83959997 0.044678
-6.10473585 0.21069300 -1.83959997 0.043214
-6.11059618 0.21118200 -1.83911097 0.036622
-6.11791992 0.21118200 -1.83911097 0.031250
-6.12475586 0.21167000 -1.83911097 0.036378
-6.13061523 0.21167000 -1.83862305 0.044678
-6.13745117 0.21215799 -1.83862305 0.044190
-6.04516602 0.21069300 -1.84008801 0.053468
-6.05200195 0.21069300 -1.84008801 0.053468
-6.05688477 0.21118200 -1.83959997 0.057618
-6.06420898 0.21118200 -1.83959997 0.043946
-6.07202101 0.21167000 -1.84008801 0.046143
-6.07788086 0.21167000 -1.83959997 0.050538
-6.08422899 0.21215799 -1.83959997 0.045167
-6.09057617 0.21215799 -1.83911097 0.038087
-6.09838915 0.21264599 -1.83959997 0.041505
-6.10473585 0.21264599 -1.83959997 0.048096
-6.11059618 0.21264599 -1.83911097 0.040284
-6.11791992 0.21313500 -1.83911097 0.040772
-6.12426805 0.21313500 -1.83911097 0.039796
-6.13012695 0.21362300 -1.83862305 0.045167
-6.13745117 0.21362300 -1.83911097 0.040528
-6.05151415 0.21264599 -1.84008801 0.049561
-6.05786085 0.21313500 -1.83959997 0.047364
-6.06518602 0.21313500 -1.84008801 0.040284
-6.07104492 0.21362300 -1.83959997 0.046387
-6.07739305 0.21362300 -1.83959997 0.048829
-6.08374023 0.21411100 -1.83959997 0.041505
-6.09204102 0.21411100 -1.83959997 0.041016
-6.09789991 0.21460000 -1.83959997 0.043214
-6.10424805 0.21460000 -1.83911097 0.043458
-6.11108398 0.21460000 -1.83911097 0.045167
-6.11791992 0.21508799 -1.83911097 0.050782
-6.12426805 0.21508799 -1.83911097 0.046387
-6.13208008 0.21557599 -1.83959997 0.041993
-6.13793898 0.21557599 -1.83911097 0.040528
-6.05151415 0.21460000 -1.84008801 0.043214
-6.05737305 0.21508799 -1.83959997 0.046387
-6.06420898 0.21508799 -1.83959997 0.048096
-6.07104492 0.21557599 -1.83959997 0.046876
-6.07739305 0.21557599 -1.83959997 0.038331
-6.08422899 0.21606401 -1.83959997 0.038331
-6.09106398 0.21606401 -1.83959997 0.040772
-6.09789991 0.21655300 -1.83959997 0.048341
-6.10375977 0.21655300 -1.83911097 0.050538
-6.11108398 0.21704100 -1.83911097 0.044434
-6.11840820 0.21704100 -1.83959997 0.048585
-6.12475586 0.21752900 -1.83911097 0.047608
-6.13159180 0.21752900 -1.83911097 0.038087
-6.05786085 0.21704100 -1.84008801 0.055177
-6.06372118 0.21704100 -1.83959997 0.047608
-6.07202101 0.21752900 -1.84008801 0.044190
-6.07836914 0.21752900 -1.84008801 0.041260
-6.08422899 0.21752900 -1.83959997 0.031739
-6.09057617 0.21801800 -1.83959997 0.030762
-6.09789991 0.21801800 -1.83959997 0.037842
-6.10473585 0.21850599 -1.83959997 0.048096
-6.11157179 0.21850599 -1.83959997 0.049561
-6.11743212 0.21899401 -1.83911097 0.049561
-6.12475586 0.21899401 -1.83911097 0.044190
-6.13061523 0.21948200 -1.83911097 0.045167
-6.05737305 0.21850599 -1.83959997 0.066163
-6.06372118 0.21899401 -1.83959997 0.052247
-6.07153320 0.21948200 -1.84008801 0.054932
-6.07788086 0.21948200 -1.83959997 0.050782
-6.08422899 0.21948200 -1.83959997 0.033448
-6.09106398 0.21997100 -1.83959997 0.036622
-6.09741211 0.21997100 -1.83959997 0.036378
-6.10473585 0.22045900 -1.83959997 0.043214
-6.11108398 0.22045900 -1.83911097 0.042725
-6.11791992 0.22094700 -1.83911097 0.046143
-6.12426805 0.22094700 -1.83911097 0.043946
-6.13110399 0.22143599 -1.83911097 0.045655
-6.06420898 0.22094700 -1.83959997 0.049561
-6.07153320 0.22094700 -1.84008801 0.054200
-6.07690382 0.22143599 -1.83959997 0.059571
-6.08374023 0.22143599 -1.83959997 0.048585
-6.09155321 0.22192401 -1.83959997 0.041749
-6.09741211 0.22192401 -1.83959997 0.039551
-6.10375977 0.22241201 -1.83911097 0.037842
-6.11108398 0.22241201 -1.83911097 0.040284
-6.11743212 0.22290000 -1.83911097 0.044678
-6.12377882 0.22290000 -1.83911097 0.041260
-6.13110399 0.22338900 -1.83911097 0.052491
-6.06420898 0.22241201 -1.83959997 0.043214
-6.07202101 0.22290000 -1.84008801 0.043214
-6.07788086 0.22290000 -1.83959997 0.042725
-6.08471680 0.22338900 -1.83959997 0.043702
-6.09057617 0.22338900 -1.83959997 0.051759
-6.09838915 0.22387700 -1.83959997 0.043458
-6.10375977 0.22387700 -1.83911097 0.043458
-6.11059618 0.22436500 -1.83911097 0.041260
-6.11743212 0.22436500 -1.83911097 0.037354
-6.12426805 0.22485401 -1.83911097 0.037842
-6.13159180 0.22485401 -1.83911097 0.050050
-6.07153320 0.22485401 -1.84008801 0.042725
-6.07788086 0.22485401 -1.83959997 0.038575
-6.08471680 0.22534201 -1.83959997 0.044434
-6.09057617 0.22534201 -1.83959997 0.041260
-6.09692383 0.22583000 -1.83911097 0.049561
-6.10424805 0.22583000 -1.83959997 0.049317
-6.11059618 0.22631800 -1.83911097 0.041749
-6.11743212 0.22631800 -1.83911097 0.038331
-6.12426805 0.22680700 -1.83911097 0.037354
-6.13061523 0.22729500 -1.83911097 0.047364
-6.07055712 0.22680700 -1.83959997 0.044678
-6.07739305 0.22729500 -1.83959997 0.040040
-6.08422899 0.22729500 -1.83959997 0.036866
-6.09106398 0.22778299 -1.83959997 0.036866
-6.09741211 0.22778299 -1.83959997 0.034913
-6.10424805 0.22827099 -1.83959997 0.036622
-6.11010695 0.22827099 -1.83911097 0.036622
-6.11743212 0.22876000 -1.83911097 0.035645
-6.12426805 0.22876000 -1.83911097 0.033692
-6.13061523 0.22924800 -1.83911097 0.044923
-6.07739305 0.22876000 -1.83959997 0.040528
-6.08374023 0.22924800 -1.83959997 0.044923
-6.09106398 0.22924800 -1.83959997 0.041749
-6.09741211 0.22973600 -1.83959997 0.041260
-6.10424805 0.22973600 -1.83959997 0.035157
-6.11059618 0.23022500 -1.83911097 0.037598
-6.11645508 0.23022500 -1.83911097 0.035157
-6.12426805 0.23071299 -1.83911097 0.033936
-6.07788086 0.23071299 -1.84008801 0.042481
-6.08471680 0.23120099 -1.83959997 0.044434
-6.09057617 0.23120099 -1.83959997 0.056153
-6.09692383 0.23168901 -1.83959997 0.044923
-6.10522509 0.23168901 -1.83959997 0.042725
-6.11059618 0.23217800 -1.83911097 0.039796
-6.11694288 0.23217800 -1.83911097 0.041993
-6.12377882 0.23266600 -1.83911097 0.042969
-6.08374023 0.23315400 -1.83959997 0.041016
-6.09057617 0.23315400 -1.83959997 0.041260
-6.09692383 0.23364300 -1.83959997 0.043214
-6.10424805 0.23364300 -1.83959997 0.048341
-6.11059618 0.23413099 -1.83959997 0.042725
-6.11694288 0.23413099 -1.83911097 0.041749
-6.12377882 0.23461901 -1.83911097 0.039796
-6.08374023 0.23461901 -1.83959997 0.037110
-6.09057617 0.23510700 -1.83959997 0.040528
-6.09741211 0.23510700 -1.83959997 0.042237
-6.10424805 0.23559600 -1.83959997 0.039796
-6.11010695 0.23608400 -1.83911097 0.037354
-6.11694288 0.23608400 -1.83911097 0.036378
-6.12426805 0.23657200 -1.83959997 0.040040
-6.09057617 0.23706099 -1.83959997 0.054444
-6.09643602 0.23706099 -1.83911097 0.049561
-6.10375977 0.23754901 -1.83959997 0.042725
-6.11059618 0.23803701 -1.83959997 0.042481
-6.11791992 0.23803701 -1.83959997 0.045655
-6.12377882 0.23852500 -1.83911097 0.046143
-6.09692383 0.23950200 -1.83959997 0.056397
-6.10375977 0.23950200 -1.83959997 0.050294
-6.10961914 0.23999000 -1.83911097 0.046632
-6.11743212 0.23999000 -1.83959997 0.051026
-6.12377882 0.24047901 -1.83911097 0.047852
-6.09741211 0.24096701 -1.83959997 0.045899
-6.10375977 0.24145500 -1.83959997 0.051026
-6.11108398 0.24145500 -1.83959997 0.056153
-6.11645508 0.24194300 -1.83911097 0.054200
-6.10327101 0.24292000 -1.83959997 0.046143
-6.11108398 0.24340799 -1.83959997 0.047852
-6.11645508 0.24389599 -1.83911097 0.046387
-6.10375977 0.24536100 -1.83959997 0.042969
-6.11108398 0.24585000 -1.83959997 0.049561
-6.11743212 0.24585000 -1.83959997 0.042969
-6.11010695 0.24731401 -1.83911097 0.048585
-6.11645508 0.24780300 -1.83911097 0.040528
-6.11010695 0.24926800 -1.83959997 0.044434
-6.11743212 0.24926800 -1.83959997 0.048829
-6.11645508 0.25317401 -1.83911097 0.044923
